0.373393
0.373678
0.373964
0.374249
0.374535
0.374821
0.375106
0.375392
0.375678
0.375964
0.376250
0.376537
0.376823
0.377109
0.377395
0.377682
0.377968
0.378255
0.378542
0.378829
0.379115
0.379402
0.379689
0.379976
0.380263
0.380550
0.380838
0.381125
0.381412
0.381700
0.381987
0.382275
0.382563
0.382850
0.383138
0.383426
0.383714
0.384002
0.384290
0.384578
0.384866
0.385154
0.385443
0.385731
0.386020
0.386308
0.386597
0.386885
0.387174
0.387463
0.387752
0.388040
0.388329
0.388618
0.388907
0.389197
0.389486
0.389775
0.390064
0.390354
0.390643
0.390933
0.391222
0.391512
0.391802
0.392092
0.392381
0.392671
0.392961
0.393251
0.393541
0.393831
0.394122
0.394412
0.394702
0.394992
0.395283
0.395573
0.395864
0.396154
0.396445
0.396736
0.397027
0.397317
0.397608
0.397899
0.398190
0.398481
0.398772
0.399063
0.399355
0.399646
0.399937
0.400229
0.400520
0.400811
0.401103
0.401395
0.401686
0.401978
0.402270
0.402561
0.402853
0.403145
0.403437
0.403729
0.404021
0.404313
0.404605
0.404898
0.405190
0.405482
0.405774
0.406067
0.406359
0.406652
0.406944
0.407237
0.407530
0.407822
0.408115
0.408408
0.408701
0.408994
0.409286
0.409579
0.409872
0.410165
0.410459
0.410752
0.411045
0.411338
0.411631
0.411925
0.412218
0.412512
0.412805
0.413099
0.413392
0.413686
0.413979
0.414273
0.414567
0.414861
0.415154
0.415448
0.415742
0.416036
0.416330
0.416624
0.416918
0.417212
0.417506
0.417800
0.418095
0.418389
0.418683
0.418977
0.419272
0.419566
0.419861
0.420155
0.420450
0.420744
0.421039
0.421333
0.421628
0.421923
0.422217
0.422512
0.422807
0.423102
0.423397
0.423692
0.423987
0.424282
0.424577
0.424872
0.425167
0.425462
0.425757
0.426052
0.426347
0.426643
0.426938
0.427233
0.427528
0.427824
0.428119
0.428415
0.428710
0.429006
0.429301
0.429597
0.429892
0.430188
0.430483
0.430779
0.431075
0.431370
0.431666
0.431962
0.432258
0.432554
0.432849
0.433145
0.433441
0.433737
0.434033
0.434329
0.434625
0.434921
0.435217
0.435513
0.435809
0.436105
0.436402
0.436698
0.436994
0.437290
0.437586
0.437883
0.438179
0.438475
0.438772
0.439068
0.439364
0.439661
0.439957
0.440253
0.440550
0.440846
0.441143
0.441439
0.441736
0.442032
0.442329
0.442626
0.442922
0.443219
0.443515
0.443812
0.444109
0.444405
0.444702
0.444999
0.445295
0.445592
0.445889
0.446186
0.446482
0.446779
0.447076
0.447373
0.447670
0.447967
0.448263
0.448560
0.448857
0.449154
0.449451
0.449748
0.450045
0.450342
0.450639
0.450936
0.451233
0.451530
0.451827
0.452124
0.452421
0.452718
0.453015
0.453312
0.453609
0.453906
0.454203
0.454500
0.454797
0.455094
0.455391
0.455688
0.455985
0.456283
0.456580
0.456877
0.457174
0.457471
0.457768
0.458065
0.458362
0.458660
0.458957
0.459254
0.459551
0.459848
0.460145
0.460443
0.460740
0.461037
0.461334
0.461631
0.461928
0.462225
0.462523
0.462820
0.463117
0.463414
0.463711
0.464008
0.464306
0.464603
0.464900
0.465197
0.465494
0.465791
0.466088
0.466386
0.466683
0.466980
0.467277
0.467574
0.467871
0.468168
0.468465
0.468762
0.469060
0.469357
0.469654
0.469951
0.470248
0.470545
0.470842
0.471139
0.471436
0.471733
0.472030
0.472327
0.472624
0.472921
0.473218
0.473515
0.473812
0.474109
0.474406
0.474703
0.475000
0.475296
0.475593
0.475890
0.476187
0.476484
0.476781
0.477077
0.477374
0.477671
0.477968
0.478265
0.478561
0.478858
0.479155
0.479451
0.479748
0.480045
0.480341
0.480638
0.480935
0.481231
0.481528
0.481824
0.482121
0.482417
0.482714
0.483010
0.483307
0.483603
0.483900
0.484196
0.484493
0.484789
0.485085
0.485382
0.485678
0.485974
0.486270
0.486567
0.486863
0.487159
0.487455
0.487751
0.488047
0.488343
0.488640
0.488936
0.489232
0.489528
0.489824
0.490119
0.490415
0.490711
0.491007
0.491303
0.491599
0.491895
0.492190
0.492486
0.492782
0.493077
0.493373
0.493669
0.493964
0.494260
0.494555
0.494851
0.495146
0.495442
0.495737
0.496032
0.496328
0.496623
0.496918
0.497213
0.497509
0.497804
0.498099
0.498394
0.498689
0.498984
0.499279
0.499574
0.499869
0.500164
0.500459
0.500753
0.501048
0.501343
0.501638
0.501932
0.502227
0.502522
0.502816
0.503111
0.503405
0.503700
0.503994
0.504288
0.504583
0.504877
0.505171
0.505465
0.505759
0.506054
0.506348
0.506642
0.506936
0.507230
0.507524
0.507817
0.508111
0.508405
0.508699
0.508992
0.509286
0.509580
0.509873
0.510167
0.510460
0.510754
0.511047
0.511340
0.511634
0.511927
0.512220
0.512513
0.512806
0.513099
0.513392
0.513685
0.513978
0.514271
0.514564
0.514857
0.515149
0.515442
0.515734
0.516027
0.516320
0.516612
0.516904
0.517197
0.517489
0.517781
0.518073
0.518366
0.518658
0.518950
0.519242
0.519534
0.519825
0.520117
0.520409
0.520701
0.520992
0.521284
0.521575
0.521867
0.522158
0.522450
0.522741
0.523032
0.523323
0.523615
0.523906
0.524197
0.524488
0.524779
0.525069
0.525360
0.525651
0.525942
0.526232
0.526523
0.526813
0.527104
0.527394
0.527684
0.527974
0.528265
0.528555
0.528845
0.529135
0.529425
0.529715
0.530004
0.530294
0.530584
0.530873
0.531163
0.531452
0.531742
0.532031
0.532320
0.532610
0.532899
0.533188
0.533477
0.533766
0.534055
0.534343
0.534632
0.534921
0.535209
0.535498
0.535786
0.536075
0.536363
0.536651
0.536939
0.537227
0.537515
0.537803
0.538091
0.538379
0.538667
0.538955
0.539242
0.539530
0.539817
0.540104
0.540392
0.540679
0.540966
0.541253
0.541540
0.541827
0.542114
0.542401
0.542687
0.542974
0.543261
0.543547
0.543833
0.544120
0.544406
0.544692
0.544978
0.545264
0.545550
0.545836
0.546122
0.546407
0.546693
0.546979
0.547264
0.547549
0.547835
0.548120
0.548405
0.548690
0.548975
0.549260
0.549545
0.549829
0.550114
0.550398
0.550683
0.550967
0.551252
0.551536
0.551820
0.552104
0.552388
0.552672
0.552955
0.553239
0.553523
0.553806
0.554090
0.554373
0.554656
0.554939
0.555222
0.555505
0.555788
0.556071
0.556354
0.556636
0.556919
0.557201
0.557484
0.557766
0.558048
0.558330
0.558612
0.558894
0.559176
0.559458
0.559739
0.560021
0.560302
0.560584
0.560865
0.561146
0.561427
0.561708
0.561989
0.562270
0.562550
0.562831
0.563112
0.563392
0.563672
0.563952
0.564233
0.564513
0.564792
0.565072
0.565352
0.565632
0.565911
0.566191
0.566470
0.566749
0.567028
0.567307
0.567586
0.567865
0.568144
0.568422
0.568701
0.568979
0.569258
0.569536
0.569814
0.570092
0.570370
0.570648
0.570925
0.571203
0.571480
0.571758
0.572035
0.572312
0.572589
0.572866
0.573143
0.573420
0.573697
0.573973
0.574250
0.574526
0.574802
0.575078
0.575354
0.575630
0.575906
0.576182
0.576457
0.576733
0.577008
0.577284
0.577559
0.577834
0.578109
0.578384
0.578658
0.578933
0.579207
0.579482
0.579756
0.580030
0.580304
0.580578
0.580852
0.581126
0.581399
0.581673
0.581946
0.582219
0.582492
0.582765
0.583038
0.583311
0.583584
0.583856
0.584129
0.584401
0.584673
0.584946
0.585218
0.585489
0.585761
0.586033
0.586304
0.586576
0.586847
0.587118
0.587389
0.587660
0.587931
0.588202
0.588472
0.588743
0.589013
0.589283
0.589553
0.589823
0.590093
0.590363
0.590632
0.590902
0.591171
0.591441
0.591710
0.591979
0.592247
0.592516
0.592785
0.593053
0.593322
0.593590
0.593858
0.594126
0.594394
0.594662
0.594929
0.595197
0.595464
0.595731
0.595999
0.596266
0.596532
0.596799
0.597066
0.597332
0.597599
0.597865
0.598131
0.598397
0.598663
0.598929
0.599194
0.599460
0.599725
0.599990
0.600255
0.600520
0.600785
0.601050
0.601314
0.601579
0.601843
0.602107
0.602371
0.602635
0.602899
0.603162
0.603426
0.603689
0.603952
0.604215
0.604478
0.604741
0.605004
0.605266
0.605529
0.605791
0.606053
0.606315
0.606577
0.606839
0.607100
0.607362
0.607623
0.607884
0.608145
0.608406
0.608667
0.608928
0.609188
0.609448
0.609709
0.609969
0.610229
0.610488
0.610748
0.611008
0.611267
0.611526
0.611785
0.612044
0.612303
0.612562
0.612820
0.613079
0.613337
0.613595
0.613853
0.614111
0.614368
0.614626
0.614883
0.615141
0.615398
0.615655
0.615911
0.616168
0.616425
0.616681
0.616937
0.617193
0.617449
0.617705
0.617961
0.618216
0.618472
0.618727
0.618982
0.619237
0.619492
0.619746
0.620001
0.620255
0.620509
0.620763
0.621017
0.621271
0.621524
0.621778
0.622031
0.622284
0.622537
0.622790
0.623043
0.623295
0.623547
0.623800
0.624052
0.624304
0.624555
0.624807
0.625058
0.625310
0.625561
0.625812
0.626063
0.626313
0.626564
0.626814
0.627065
0.627315
0.627565
0.627814
0.628064
0.628313
0.628563
0.628812
0.629061
0.629310
0.629558
0.629807
0.630055
0.630303
0.630552
0.630799
0.631047
0.631295
0.631542
0.631789
0.632036
0.632283
0.632530
0.632777
0.633023
0.633270
0.633516
0.633762
0.634008
0.634253
0.634499
0.634744
0.634989
0.635234
0.635479
0.635724
0.635968
0.636213
0.636457
0.636701
0.636945
0.637189
0.637432
0.637675
0.637919
0.638162
0.638405
0.638647
0.638890
0.639132
0.639375
0.639617
0.639859
0.640100
0.640342
0.640583
0.640825
0.641066
0.641307
0.641547
0.641788
0.642028
0.642269
0.642509
0.642749
0.642988
0.643228
0.643467
0.643707
0.643946
0.644185
0.644423
0.644662
0.644900
0.645138
0.645376
0.645614
0.645852
0.646090
0.646327
0.646564
0.646801
0.647038
0.647275
0.647511
0.647748
0.647984
0.648220
0.648456
0.648691
0.648927
0.649162
0.649397
0.649632
0.649867
0.650102
0.650336
0.650570
0.650804
0.651038
0.651272
0.651506
0.651739
0.651972
0.652205
0.652438
0.652671
0.652903
0.653136
0.653368
0.653600
0.653832
0.654063
0.654295
0.654526
0.654757
0.654988
0.655219
0.655449
0.655680
0.655910
0.656140
0.656370
0.656599
0.656829
0.657058
0.657287
0.657516
0.657745
0.657974
0.658202
0.658430
0.658658
0.658886
0.659114
0.659341
0.659569
0.659796
0.660023
0.660250
0.660476
0.660703
0.660929
0.661155
0.661381
0.661606
0.661832
0.662057
0.662282
0.662507
0.662732
0.662957
0.663181
0.663405
0.663629
0.663853
0.664077
0.664300
0.664524
0.664747
0.664970
0.665192
0.665415
0.665637
0.665859
0.666081
0.666303
0.666525
0.666746
0.666967
0.667188
0.667409
0.667630
0.667850
0.668071
0.668291
0.668511
0.668730
0.668950
0.669169
0.669388
0.669607
0.669826
0.670045
0.670263
0.670481
0.670699
0.670917
0.671135
0.671352
0.671570
0.671787
0.672004
0.672220
0.672437
0.672653
0.672869
0.673085
0.673301
0.673516
0.673732
0.673947
0.674162
0.674376
0.674591
0.674805
0.675020
0.675234
0.675447
0.675661
0.675874
0.676088
0.676301
0.676513
0.676726
0.676938
0.677151
0.677363
0.677575
0.677786
0.677998
0.678209
0.678420
0.678631
0.678842
0.679052
0.679262
0.679472
0.679682
0.679892
0.680101
0.680311
0.680520
0.680729
0.680937
0.681146
0.681354
0.681562
0.681770
0.681978
0.682185
0.682393
0.682600
0.682807
0.683013
0.683220
0.683426
0.683632
0.683838
0.684044
0.684249
0.684455
0.684660
0.684865
0.685069
0.685274
0.685478
0.685682
0.685886
0.686090
0.686293
0.686497
0.686700
0.686903
0.687105
0.687308
0.687510
0.687712
0.687914
0.688116
0.688317
0.688518
0.688719
0.688920
0.689121
0.689321
0.689521
0.689721
0.689921
0.690121
0.690320
0.690520
0.690719
0.690917
0.691116
0.691314
0.691513
0.691710
0.691908
0.692106
0.692303
0.692500
0.692697
0.692894
0.693091
0.693287
0.693483
0.693679
0.693875
0.694070
0.694265
0.694460
0.694655
0.694850
0.695044
0.695239
0.695433
0.695627
0.695820
0.696014
0.696207
0.696400
0.696593
0.696785
0.696977
0.697170
0.697362
0.697553
0.697745
0.697936
0.698127
0.698318
0.698509
0.698699
0.698890
0.699080
0.699269
0.699459
0.699648
0.699838
0.700027
0.700215
0.700404
0.700592
0.700781
0.700968
0.701156
0.701344
0.701531
0.701718
0.701905
0.702092
0.702278
0.702464
0.702650
0.702836
0.703022
0.703207
0.703392
0.703577
0.703762
0.703946
0.704131
0.704315
0.704499
0.704682
0.704866
0.705049
0.705232
0.705415
0.705597
0.705780
0.705962
0.706144
0.706325
0.706507
0.706688
0.706869
0.707050
0.707231
0.707411
0.707591
0.707771
0.707951
0.708131
0.708310
0.708489
0.708668
0.708847
0.709025
0.709203
0.709381
0.709559
0.709737
0.709914
0.710091
0.710268
0.710445
0.710622
0.710798
0.710974
0.711150
0.711325
0.711501
0.711676
0.711851
0.712026
0.712200
0.712374
0.712549
0.712722
0.712896
0.713069
0.713243
0.713416
0.713588
0.713761
0.713933
0.714105
0.714277
0.714449
0.714620
0.714791
0.714962
0.715133
0.715304
0.715474
0.715644
0.715814
0.715984
0.716153
0.716322
0.716491
0.716660
0.716829
0.716997
0.717165
0.717333
0.717501
0.717668
0.717835
0.718002
0.718169
0.718336
0.718502
0.718668
0.718834
0.718999
0.719165
0.719330
0.719495
0.719660
0.719824
0.719989
0.720153
0.720316
0.720480
0.720643
0.720807
0.720970
0.721132
0.721295
0.721457
0.721619
0.721781
0.721942
0.722104
0.722265
0.722426
0.722587
0.722747
0.722907
0.723067
0.723227
0.723387
0.723546
0.723705
0.723864
0.724023
0.724181
0.724339
0.724497
0.724655
0.724812
0.724970
0.725127
0.725283
0.725440
0.725596
0.725753
0.725908
0.726064
0.726220
0.726375
0.726530
0.726685
0.726839
0.726993
0.727148
0.727301
0.727455
0.727608
0.727762
0.727914
0.728067
0.728220
0.728372
0.728524
0.728676
0.728827
0.728979
0.729130
0.729281
0.729431
0.729582
0.729732
0.729882
0.730031
0.730181
0.730330
0.730479
0.730628
0.730776
0.730925
0.731073
0.731221
0.731368
0.731516
0.731663
0.731810
0.731957
0.732103
0.732249
0.732395
0.732541
0.732687
0.732832
0.732977
0.733122
0.733267
0.733411
0.733555
0.733699
0.733843
0.733986
0.734129
0.734272
0.734415
0.734558
0.734700
0.734842
0.734984
0.735125
0.735267
0.735408
0.735549
0.735689
0.735830
0.735970
0.736110
0.736250
0.736389
0.736528
0.736667
0.736806
0.736945
0.737083
0.737221
0.737359
0.737497
0.737634
0.737771
0.737908
0.738045
0.738181
0.738317
0.738453
0.738589
0.738724
0.738860
0.738995
0.739129
0.739264
0.739398
0.739532
0.739666
0.739800
0.739933
0.740066
0.740199
0.740332
0.740464
0.740597
0.740729
0.740860
0.740992
0.741123
0.741254
0.741385
0.741515
0.741646
0.741776
0.741905
0.742035
0.742164
0.742293
0.742422
0.742551
0.742679
0.742808
0.742935
0.743063
0.743191
0.743318
0.743445
0.743572
0.743698
0.743824
0.743950
0.744076
0.744202
0.744327
0.744452
0.744577
0.744701
0.744826
0.744950
0.745074
0.745197
0.745321
0.745444
0.745567
0.745690
0.745812
0.745934
0.746056
0.746178
0.746299
0.746421
0.746542
0.746662
0.746783
0.746903
0.747023
0.747143
0.747263
0.747382
0.747501
0.747620
0.747739
0.747857
0.747975
0.748093
0.748211
0.748328
0.748445
0.748562
0.748679
0.748795
0.748912
0.749028
0.749143
0.749259
0.749374
0.749489
0.749604
0.749718
0.749833
0.749947
0.750061
0.750174
0.750287
0.750401
0.750513
0.750626
0.750738
0.750850
0.750962
0.751074
0.751185
0.751297
0.751407
0.751518
0.751629
0.751739
0.751849
0.751958
0.752068
0.752177
0.752286
0.752395
0.752503
0.752612
0.752720
0.752827
0.752935
0.753042
0.753149
0.753256
0.753363
0.753469
0.753575
0.753681
0.753786
0.753892
0.753997
0.754102
0.754206
0.754311
0.754415
0.754519
0.754622
0.754726
0.754829
0.754932
0.755035
0.755137
0.755239
0.755341
0.755443
0.755544
0.755646
0.755747
0.755847
0.755948
0.756048
0.756148
0.756248
0.756347
0.756447
0.756546
0.756644
0.756743
0.756841
0.756939
0.757037
0.757135
0.757232
0.757329
0.757426
0.757523
0.757619
0.757715
0.757811
0.757906
0.758002
0.758097
0.758192
0.758287
0.758381
0.758475
0.758569
0.758663
0.758756
0.758849
0.758942
0.759035
0.759127
0.759220
0.759311
0.759403
0.759495
0.759586
0.759677
0.759768
0.759858
0.759948
0.760038
0.760128
0.760218
0.760307
0.760396
0.760485
0.760573
0.760662
0.760750
0.760837
0.760925
0.761012
0.761099
0.761186
0.761273
0.761359
0.761445
0.761531
0.761617
0.761702
0.761787
0.761872
0.761956
0.762041
0.762125
0.762209
0.762292
0.762376
0.762459
0.762542
0.762624
0.762707
0.762789
0.762871
0.762953
0.763034
0.763115
0.763196
0.763277
0.763357
0.763437
0.763517
0.763597
0.763677
0.763756
0.763835
0.763913
0.763992
0.764070
0.764148
0.764226
0.764303
0.764381
0.764458
0.764534
0.764611
0.764687
0.764763
0.764839
0.764914
0.764990
0.765065
0.765140
0.765214
0.765288
0.765362
0.765436
0.765510
0.765583
0.765656
0.765729
0.765802
0.765874
0.765946
0.766018
0.766089
0.766161
0.766232
0.766303
0.766373
0.766444
0.766514
0.766584
0.766653
0.766723
0.766792
0.766861
0.766929
0.766998
0.767066
0.767134
0.767201
0.767269
0.767336
0.767403
0.767469
0.767536
0.767602
0.767668
0.767734
0.767799
0.767864
0.767929
0.767994
0.768058
0.768122
0.768186
0.768250
0.768314
0.768377
0.768440
0.768502
0.768565
0.768627
0.768689
0.768751
0.768812
0.768874
0.768935
0.768995
0.769056
0.769116
0.769176
0.769236
0.769295
0.769355
0.769414
0.769472
0.769531
0.769589
0.769647
0.769705
0.769763
0.769820
0.769877
0.769934
0.769990
0.770047
0.770103
0.770159
0.770214
0.770269
0.770325
0.770379
0.770434
0.770488
0.770542
0.770596
0.770650
0.770703
0.770756
0.770809
0.770862
0.770914
0.770966
0.771018
0.771070
0.771121
0.771172
0.771223
0.771274
0.771324
0.771374
0.771424
0.771474
0.771523
0.771573
0.771622
0.771670
0.771719
0.771767
0.771815
0.771863
0.771910
0.771957
0.772004
0.772051
0.772097
0.772144
0.772189
0.772235
0.772281
0.772326
0.772371
0.772416
0.772460
0.772504
0.772548
0.772592
0.772636
0.772679
0.772722
0.772765
0.772807
0.772850
0.772892
0.772933
0.772975
0.773016
0.773057
0.773098
0.773139
0.773179
0.773219
0.773259
0.773299
0.773338
0.773377
0.773416
0.773454
0.773493
0.773531
0.773569
0.773606
0.773644
0.773681
0.773718
0.773754
0.773791
0.773827
0.773863
0.773899
0.773934
0.773969
0.774004
0.774039
0.774073
0.774107
0.774141
0.774175
0.774208
0.774242
0.774275
0.774307
0.774340
0.774372
0.774404
0.774436
0.774467
0.774499
0.774530
0.774560
0.774591
0.774621
0.774651
0.774681
0.774710
0.774740
0.774769
0.774798
0.774826
0.774855
0.774883
0.774910
0.774938
0.774965
0.774993
0.775019
0.775046
0.775072
0.775098
0.775124
0.775150
0.775175
0.775201
0.775225
0.775250
0.775275
0.775299
0.775323
0.775346
0.775370
0.775393
0.775416
0.775439
0.775461
0.775483
0.775505
0.775527
0.775549
0.775570
0.775591
0.775612
0.775632
0.775653
0.775673
0.775693
0.775712
0.775731
0.775750
0.775769
0.775788
0.775806
0.775824
0.775842
0.775860
0.775877
0.775894
0.775911
0.775928
0.775944
0.775961
0.775977
0.775992
0.776008
0.776023
0.776038
0.776053
0.776067
0.776081
0.776095
0.776109
0.776123
0.776136
0.776149
0.776162
0.776174
0.776187
0.776199
0.776211
0.776222
0.776234
0.776245
0.776256
0.776266
0.776277
0.776287
0.776297
0.776306
0.776316
0.776325
0.776334
0.776343
0.776351
0.776359
0.776367
0.776375
0.776383
0.776390
0.776397
0.776404
0.776410
0.776417
0.776423
0.776429
0.776434
0.776440
0.776445
0.776450
0.776454
0.776459
0.776463
0.776467
0.776471
0.776474
0.776477
0.776480
0.776483
0.776486
0.776488
0.776490
0.776492
0.776493
0.776495
0.776496
0.776497
0.776497
0.776498
0.776498
0.776498
0.776497
0.776497
0.776496
0.776495
0.776494
0.776492
0.776491
0.776489
0.776486
0.776484
0.776481
0.776478
0.776475
0.776472
0.776468
0.776464
0.776460
0.776456
0.776451
0.776447
0.776441
0.776436
0.776431
0.776425
0.776419
0.776413
0.776406
0.776400
0.776393
0.776386
0.776378
0.776371
0.776363
0.776355
0.776346
0.776338
0.776329
0.776320
0.776311
0.776301
0.776292
0.776282
0.776272
0.776261
0.776251
0.776240
0.776229
0.776217
0.776206
0.776194
0.776182
0.776170
0.776157
0.776145
0.776132
0.776118
0.776105
0.776091
0.776078
0.776063
0.776049
0.776035
0.776020
0.776005
0.775990
0.775974
0.775958
0.775942
0.775926
0.775910
0.775893
0.775876
0.775859
0.775842
0.775825
0.775807
0.775789
0.775771
0.775752
0.775733
0.775715
0.775695
0.775676
0.775657
0.775637
0.775617
0.775596
0.775576
0.775555
0.775534
0.775513
0.775492
0.775470
0.775448
0.775426
0.775404
0.775382
0.775359
0.775336
0.775313
0.775289
0.775266
0.775242
0.775218
0.775193
0.775169
0.775144
0.775119
0.775094
0.775069
0.775043
0.775017
0.774991
0.774965
0.774938
0.774911
0.774884
0.774857
0.774830
0.774802
0.774774
0.774746
0.774718
0.774689
0.774661
0.774632
0.774603
0.774573
0.774544
0.774514
0.774484
0.774453
0.774423
0.774392
0.774361
0.774330
0.774299
0.774267
0.774236
0.774203
0.774171
0.774139
0.774106
0.774073
0.774040
0.774007
0.773973
0.773940
0.773906
0.773871
0.773837
0.773803
0.773768
0.773733
0.773697
0.773662
0.773626
0.773590
0.773554
0.773518
0.773481
0.773445
0.773408
0.773371
0.773333
0.773296
0.773258
0.773220
0.773182
0.773143
0.773105
0.773066
0.773027
0.772987
0.772948
0.772908
0.772868
0.772828
0.772788
0.772747
0.772707
0.772666
0.772625
0.772583
0.772542
0.772500
0.772458
0.772416
0.772373
0.772331
0.772288
0.772245
0.772202
0.772158
0.772115
0.772071
0.772027
0.771983
0.771938
0.771893
0.771849
0.771804
0.771758
0.771713
0.771667
0.771621
0.771575
0.771529
0.771483
0.771436
0.771389
0.771342
0.771295
0.771247
0.771200
0.771152
0.771104
0.771055
0.771007
0.770958
0.770910
0.770860
0.770811
0.770762
0.770712
0.770662
0.770612
0.770562
0.770512
0.770461
0.770410
0.770359
0.770308
0.770257
0.770205
0.770153
0.770101
0.770049
0.769997
0.769944
0.769891
0.769839
0.769785
0.769732
0.769679
0.769625
0.769571
0.769517
0.769463
0.769408
0.769354
0.769299
0.769244
0.769189
0.769133
0.769078
0.769022
0.768966
0.768910
0.768854
0.768797
0.768740
0.768684
0.768627
0.768569
0.768512
0.768454
0.768397
0.768339
0.768280
0.768222
0.768164
0.768105
0.768046
0.767987
0.767928
0.767868
0.767809
0.767749
0.767689
0.767629
0.767569
0.767508
0.767448
0.767387
0.767326
0.767265
0.767204
0.767142
0.767080
0.767018
0.766956
0.766894
0.766832
0.766769
0.766707
0.766644
0.766581
0.766518
0.766454
0.766391
0.766327
0.766263
0.766199
0.766135
0.766070
0.766006
0.765941
0.765876
0.765811
0.765746
0.765680
0.765615
0.765549
0.765483
0.765417
0.765351
0.765285
0.765218
0.765152
0.765085
0.765018
0.764951
0.764883
0.764816
0.764748
0.764680
0.764613
0.764544
0.764476
0.764408
0.764339
0.764271
0.764202
0.764133
0.764063
0.763994
0.763925
0.763855
0.763785
0.763715
0.763645
0.763575
0.763505
0.763434
0.763364
0.763293
0.763222
0.763151
0.763080
0.763008
0.762937
0.762865
0.762793
0.762721
0.762649
0.762577
0.762505
0.762432
0.762359
0.762287
0.762214
0.762141
0.762067
0.761994
0.761921
0.761847
0.761773
0.761699
0.761625
0.761551
0.761477
0.761403
0.761328
0.761253
0.761179
0.761104
0.761029
0.760953
0.760878
0.760803
0.760727
0.760652
0.760576
0.760500
0.760424
0.760348
0.760271
0.760195
0.760118
0.760042
0.759965
0.759888
0.759811
0.759734
0.759657
0.759579
0.759502
0.759424
0.759347
0.759269
0.759191
0.759113
0.759035
0.758956
0.758878
0.758800
0.758721
0.758642
0.758564
0.758485
0.758406
0.758327
0.758247
0.758168
0.758089
0.758009
0.757930
0.757850
0.757770
0.757690
0.757610
0.757530
0.757450
0.757370
0.757289
0.757209
0.757128
0.757048
0.756967
0.756886
0.756805
0.756724
0.756643
0.756562
0.756480
0.756399
0.756318
0.756236
0.756155
0.756073
0.755991
0.755909
0.755827
0.755745
0.755663
0.755581
0.755499
0.755416
0.755334
0.755252
0.755169
0.755087
0.755004
0.754921
0.754838
0.754755
0.754672
0.754589
0.754506
0.754423
0.754340
0.754257
0.754174
0.754090
0.754007
0.753923
0.753840
0.753756
0.753672
0.753589
0.753505
0.753421
0.753337
0.753253
0.753169
0.753085
0.753001
0.752917
0.752833
0.752749
0.752665
0.752580
0.752496
0.752412
0.752327
0.752243
0.752158
0.752074
0.751989
0.751905
0.751820
0.751735
0.751651
0.751566
0.751481
0.751396
0.751312
0.751227
0.751142
0.751057
0.750972
0.750887
0.750803
0.750718
0.750633
0.750548
0.750463
0.750378
0.750293
0.750208
0.750123
0.750038
0.749953
0.749868
0.749783
0.749697
0.749612
0.749527
0.749442
0.749357
0.749272
0.749187
0.749102
0.749017
0.748932
0.748847
0.748762
0.748677
0.748592
0.748507
0.748422
0.748337
0.748252
0.748167
0.748083
0.747998
0.747913
0.747828
0.747743
0.747659
0.747574
0.747489
0.747404
0.747320
0.747235
0.747151
0.747066
0.746982
0.746897
0.746813
0.746728
0.746644
0.746560
0.746476
0.746391
0.746307
0.746223
0.746139
0.746055
0.745971
0.745888
0.745804
0.745720
0.745636
0.745553
0.745469
0.745386
0.745302
0.745219
0.745136
0.745053
0.744969
0.744886
0.744803
0.744721
0.744638
0.744555
0.744472
0.744390
0.744307
0.744225
0.744143
0.744061
0.743979
0.743897
0.743815
0.743733
0.743651
0.743570
0.743488
0.743407
0.743325
0.743244
0.743163
0.743082
0.743001
0.742921
0.742840
0.742760
0.742679
0.742599
0.742519
0.742439
0.742359
0.742279
0.742200
0.742120
0.742041
0.741962
0.741883
0.741804
0.741725
0.741647
0.741568
0.741490
0.741412
0.741334
0.741256
0.741178
0.741101
0.741023
0.740946
0.740869
0.740792
0.740716
0.740639
0.740563
0.740487
0.740411
0.740335
0.740259
0.740184
0.740109
0.740034
0.739959
0.739884
0.739809
0.739735
0.739661
0.739587
0.739513
0.739440
0.739367
0.739294
0.739221
0.739148
0.739076
0.739004
0.738932
0.738860
0.738788
0.738717
0.738646
0.738575
0.738504
0.738434
0.738364
0.738294
0.738224
0.738155
0.738086
0.738017
0.737948
0.737880
0.737812
0.737744
0.737676
0.737609
0.737542
0.737475
0.737408
0.737342
0.737276
0.737210
0.737145
0.737080
0.737015
0.736951
0.736886
0.736822
0.736759
0.736695
0.736632
0.736569
0.736507
0.736445
0.736383
0.736322
0.736260
0.736199
0.736139
0.736079
0.736019
0.735959
0.735900
0.735841
0.735783
0.735725
0.735667
0.735609
0.735552
0.735495
0.735439
0.735383
0.735327
0.735272
0.735217
0.735162
0.735108
0.735054
0.735001
0.734948
0.734895
0.734843
0.734791
0.734739
0.734688
0.734638
0.734587
0.734537
0.734488
0.734439
0.734390
0.734342
0.734294
0.734247
0.734200
0.734153
0.734107
0.734062
0.734017
0.733972
0.733928
0.733884
0.733840
0.733798
0.733755
0.733713
0.733672
0.733631
0.733590
0.733550
0.733510
0.733471
0.733433
0.733395
0.733357
0.733320
0.733283
0.733247
0.733212
0.733176
0.733142
0.733108
0.733074
0.733041
0.733009
0.732977
0.732946
0.732915
0.732885
0.732855
0.732826
0.732797
0.732769
0.732741
0.732715
0.732688
0.732662
0.732637
0.732613
0.732589
0.732565
0.732542
0.732520
0.732499
0.732478
0.732457
0.732437
0.732418
0.732400
0.732382
0.732364
0.732348
0.732332
0.732316
0.732302
0.732288
0.732274
0.732262
0.732250
0.732238
0.732227
0.732217
0.732208
0.732199
0.732191
0.732184
0.732177
0.732172
0.732166
0.732162
0.732158
0.732155
0.732153
0.732151
0.732150
0.732150
0.732151
0.732152
0.732154
0.732157
0.732161
0.732165
0.732171
0.732177
0.732183
0.732191
0.732199
0.732208
0.732218
0.732229
0.732240
0.732253
0.732266
0.732280
0.732295
0.732310
0.732327
0.732344
0.732362
0.732381
0.732401
0.732422
0.732444
0.732466
0.732489
0.732514
0.732539
0.732565
0.732592
0.732619
0.732648
0.732678
0.732708
0.732740
0.732772
0.732805
0.732840
0.732875
0.732911
0.732948
0.732986
0.733025
0.733065
0.733106
0.733148
0.733191
0.733235
0.733280
0.733326
0.733373
0.733421
0.733470
0.733520
0.733571
0.733623
0.733676
0.733730
0.733785
0.733842
0.733899
0.733957
0.734017
0.734077
0.734139
0.734202
0.734266
0.734331
0.734397
0.734464
0.734532
0.734602
0.734672
0.734744
0.734817
0.734891
0.734966
0.735042
0.735120
0.735198
0.735278
0.735359
0.735442
0.735525
0.735610
0.735696
0.735783
0.735871
0.735961
0.736051
0.736144
0.736237
0.736331
0.736427
0.736524
0.736623
0.736722
0.736823
0.736926
0.737029
0.737134
0.737240
0.737348
0.737457
0.737567
0.737678
0.737791
0.737906
0.738021
0.738138
0.738257
0.738376
0.738498
0.738620
0.738744
0.738869
0.738996
0.739124
0.739254
0.739385
0.739518
0.739652
0.739787
0.739924
0.740063
0.740203
0.740344
0.740487
0.740631
0.740777
0.740925
0.741074
0.741224
0.741376
0.741530
0.741685
0.741842
0.742000
0.742160
0.742321
0.742484
0.742649
0.742815
0.742983
0.743153
0.743324
0.743497
0.743671
0.743847
0.744025
0.744205
0.744386
0.744569
0.744753
0.744939
0.745127
0.745317
0.745509
0.745702
0.745897
0.746093
0.746292
0.746492
0.746694
0.746897
0.747103
0.747310
0.747519
0.747730
0.747943
0.748158
0.748374
0.748592
0.748813
0.749035
0.749258
0.749484
0.749712
0.749942
0.750173
0.750406
0.750642
0.750879
0.751118
0.751359
0.751603
0.751848
0.752095
0.752344
0.752595
0.752848
0.753103
0.753360
0.753619
0.753880
0.754144
0.754409
0.754676
0.754946
0.755217
0.755491
0.755766
0.756044
0.756324
0.756606
0.756890
0.757177
0.757465
0.757756
0.758049
0.758344
0.758641
0.758940
0.759242
0.759546
0.759852
0.760160
0.760471
0.760784
0.761099
0.761416
0.761736
0.762058
0.762382
0.762708
0.763037
0.763368
0.763702
0.764038
0.764376
0.764717
0.765060
0.765405
0.765753
0.766103
0.766456
0.766811
0.767168
0.767528
0.767891
0.768256
0.768623
0.768993
0.769365
0.769740
0.770117
0.770497
0.770880
0.771265
0.771652
0.772042
0.772435
0.772830
0.773228
0.773628
0.774031
0.774437
0.774845
0.775256
0.775670
0.776086
0.776505
0.776927
0.777351
0.777778
0.778208
0.778640
0.779075
0.779513
0.779954
0.780397
0.780844
0.781293
0.781745
0.782199
0.782657
0.783117
0.783580
0.784046
0.784515
0.784986
0.785461
0.785938
0.786419
0.786902
0.787388
0.787877
0.788369
0.788864
0.789362
0.789863
0.790367
0.790874
0.791384
0.791897
0.792413
0.792932
0.793454
0.793979
0.794507
0.795038
0.795572
0.796110
0.796650
0.797194
0.797740
0.798290
0.798843
0.799399
0.799959
0.800521
0.801087
0.801656
0.802228
0.802803
0.803382
0.803963
0.804548
0.805137
0.805728
0.806323
0.806921
0.807523
0.808127
0.808736
0.809347
0.809962
0.810580
0.811201
0.811826
0.812454
0.813086
0.813721
0.814359
0.815001
0.815646
0.816295
0.816947
0.817603
0.818262
0.818925
0.819591
0.820261
0.820934
0.821610
0.822291
0.822974
0.823662
0.824353
0.825047
0.825745
0.826447
0.827152
0.827861
0.828573
0.829289
0.830009
0.830733
0.831460
0.832191
0.832925
0.833663
0.834405
0.835151
0.835900
0.836653
0.837410
0.838171
0.838935
0.839703
0.840475
0.841251
0.842030
0.842813
0.843600
0.844391
0.845186
0.845985
0.846787
0.847594
0.848404
0.849218
0.850036
0.850858
0.851684
0.852514
0.853348
0.854185
0.855027
0.855872
0.856722
0.857576
0.858433
0.859295
0.860160
0.861030
0.861903
0.862781
0.863662
0.864548
0.865438
0.866332
0.867230
0.868132
0.869038
0.869948
0.870862
0.871780
0.872703
0.873630
0.874560
0.875495
0.876434
0.877378
0.878325
0.879277
0.880232
0.881192
0.882157
0.883125
0.884098
0.885075
0.886056
0.887041
0.888030
0.889024
0.890022
0.891025
0.892031
0.893042
0.894057
0.895077
0.896101
0.897129
0.898161
0.899198
0.900239
0.901284
0.902334
0.903388
0.904447
0.905510
0.906577
0.907648
0.908724
0.909804
0.910889
0.911978
0.913072
0.914170
0.915272
0.916379
0.917490
0.918605
0.919725
0.920850
0.921979
0.923112
0.924250
0.925392
0.926539
0.927690
0.928846
0.930006
0.931170
0.932339
0.933513
0.934691
0.935873
0.937060
0.938252
0.939448
0.940649
0.941854
0.943063
0.944277
0.945496
0.946719
0.947947
0.949179
0.950416
0.951657
0.952903
0.954153
0.955408
0.956667
0.957931
0.959200
0.960473
0.961750
0.963032
0.964319
0.965610
0.966906
0.968206
0.969511
0.970821
0.972135
0.973453
0.974777
0.976104
0.977437
0.978773
0.980115
0.981461
0.982811
0.984166
0.985526
0.986890
0.988259
0.989632
0.991010
0.992392
0.993779
0.995171
0.996567
0.997967
0.999373
1.000782
1.002196
1.003615
1.005039
1.006466
1.007899
1.009336
1.010777
1.012223
1.013673
1.015128
1.016588
1.018052
1.019520
1.020993
1.022471
1.023953
1.025439
1.026930
1.028426
1.029926
1.031430
1.032939
1.034452
1.035970
1.037492
1.039019
1.040550
1.042086
1.043626
1.045170
1.046719
1.048272
1.049830
1.051392
1.052958
1.054529
1.056104
1.057683
1.059267
1.060856
1.062448
1.064045
1.065646
1.067252
1.068861
1.070476
1.072094
1.073717
1.075344
1.076975
1.078610
1.080250
1.081894
1.083542
1.085194
1.086851
1.088512
1.090177
1.091846
1.093519
1.095196
1.096878
1.098564
1.100253
1.101947
1.103645
1.105347
1.107053
1.108763
1.110478
1.112196
1.113918
1.115644
1.117374
1.119109
1.120847
1.122589
1.124335
1.126085
1.127839
1.129596
1.131358
1.133123
1.134892
1.136666
1.138442
1.140223
1.142008
1.143796
1.145588
1.147383
1.149183
1.150986
1.152793
1.154603
1.156417
1.158235
1.160056
1.161881
1.163710
1.165542
1.167377
1.169217
1.171059
1.172905
1.174755
1.176608
1.178464
1.180324
1.182187
1.184054
1.185924
1.187797
1.189674
1.191553
1.193437
1.195323
1.197213
1.199105
1.201001
1.202900
1.204803
1.206708
1.208617
1.210528
1.212443
1.214360
1.216281
1.218204
1.220131
1.222061
1.223993
1.225928
1.227866
1.229807
1.231751
1.233698
1.235647
1.237599
1.239554
1.241512
1.243472
1.245435
1.247400
1.249369
1.251339
1.253312
1.255288
1.257266
1.259247
1.261230
1.263216
1.265204
1.267194
1.269187
1.271182
1.273179
1.275178
1.277180
1.279184
1.281190
1.283198
1.285208
1.287221
1.289235
1.291252
1.293270
1.295291
1.297313
1.299338
1.301364
1.303392
1.305422
1.307454
1.309487
1.311522
1.313559
1.315598
1.317638
1.319680
1.321723
1.323769
1.325815
1.327863
1.329913
1.331964
1.334016
1.336070
1.338125
1.340181
1.342239
1.344298
1.346358
1.348420
1.350482
1.352546
1.354610
1.356676
1.358743
1.360811
1.362880
1.364949
1.367020
1.369091
1.371164
1.373237
1.375311
1.377385
1.379461
1.381536
1.383613
1.385690
1.387768
1.389846
1.391925
1.394004
1.396084
1.398164
1.400245
1.402325
1.404406
1.406488
1.408569
1.410651
1.412733
1.414815
1.416897
1.418979
1.421061
1.423144
1.425226
1.427308
1.429390
1.431471
1.433553
1.435634
1.437716
1.439796
1.441877
1.443957
1.446037
1.448116
1.450195
1.452273
1.454351
1.456428
1.458505
1.460581
1.462656
1.464730
1.466804
1.468877
1.470949
1.473021
1.475091
1.477161
1.479229
1.481297
1.483363
1.485429
1.487493
1.489556
1.491618
1.493679
1.495738
1.497797
1.499854
1.501909
1.503963
1.506016
1.508067
1.510117
1.512165
1.514212
1.516257
1.518300
1.520342
1.522382
1.524420
1.526457
1.528492
1.530524
1.532555
1.534584
1.536611
1.538636
1.540659
1.542680
1.544699
1.546716
1.548730
1.550743
1.552753
1.554760
1.556766
1.558769
1.560770
1.562768
1.564764
1.566757
1.568748
1.570736
1.572722
1.574705
1.576686
1.578663
1.580638
1.582610
1.584580
1.586546
1.588510
1.590471
1.592429
1.594384
1.596336
1.598284
1.600230
1.602173
1.604112
1.606049
1.607982
1.609912
1.611838
1.613762
1.615682
1.617598
1.619511
1.621421
1.623327
1.625230
1.627129
1.629025
1.630917
1.632806
1.634690
1.636571
1.638449
1.640322
1.642192
1.644058
1.645920
1.647778
1.649632
1.651483
1.653329
1.655171
1.657009
1.658844
1.660674
1.662500
1.664321
1.666139
1.667952
1.669761
1.671566
1.673366
1.675162
1.676954
1.678741
1.680524
1.682302
1.684076
1.685846
1.687610
1.689370
1.691126
1.692877
1.694623
1.696364
1.698101
1.699833
1.701560
1.703283
1.705000
1.706713
1.708421
1.710123
1.711821
1.713514
1.715202
1.716885
1.718562
1.720235
1.721903
1.723565
1.725222
1.726874
1.728521
1.730162
1.731799
1.733429
1.735055
1.736675
1.738290
1.739899
1.741503
1.743102
1.744695
1.746282
1.747864
1.749441
1.751012
1.752577
1.754137
1.755690
1.757239
1.758781
1.760318
1.761849
1.763374
1.764894
1.766408
1.767916
1.769417
1.770914
1.772404
1.773888
1.775366
1.776839
1.778305
1.779765
1.781219
1.782668
1.784110
1.785546
1.786975
1.788399
1.789817
1.791228
1.792633
1.794032
1.795425
1.796811
1.798191
1.799565
1.800932
1.802293
1.803648
1.804996
1.806338
1.807674
1.809003
1.810325
1.811641
1.812951
1.814254
1.815550
1.816840
1.818124
1.819400
1.820671
1.821934
1.823191
1.824441
1.825685
1.826921
1.828151
1.829375
1.830591
1.831801
1.833004
1.834201
1.835390
1.836573
1.837748
1.838917
1.840079
1.841234
1.842383
1.843524
1.844658
1.845786
1.846906
1.848020
1.849126
1.850225
1.851318
1.852403
1.853482
1.854553
1.855617
1.856674
1.857724
1.858767
1.859802
1.860831
1.861852
1.862866
1.863873
1.864873
1.865866
1.866851
1.867829
1.868800
1.869764
1.870720
1.871669
1.872611
1.873545
1.874472
1.875392
1.876304
1.877209
1.878107
1.878997
1.879880
1.880756
1.881624
1.882484
1.883338
1.884183
1.885022
1.885853
1.886676
1.887492
1.888300
1.889101
1.889894
1.890680
1.891459
1.892229
1.892993
1.893748
1.894496
1.895237
1.895970
1.896695
1.897413
1.898123
1.898826
1.899521
1.900208
1.900887
1.901559
1.902224
1.902880
1.903529
1.904170
1.904804
1.905430
1.906048
1.906658
1.907261
1.907856
1.908443
1.909023
1.909594
1.910158
1.910715
1.911263
1.911804
1.912337
1.912862
1.913379
1.913889
1.914390
1.914884
1.915370
1.915849
1.916319
1.916781
1.917236
1.917683
1.918122
1.918553
1.918977
1.919392
1.919800
1.920199
1.920591
1.920975
1.921351
1.921719
1.922079
1.922432
1.922776
1.923113
1.923441
1.923762
1.924074
1.924379
1.924676
1.924965
1.925246
1.925519
1.925784
1.926041
1.926290
1.926531
1.926764
1.926990
1.927207
1.927416
1.927617
1.927811
1.927996
1.928173
1.928343
1.928504
1.928657
1.928803
1.928940
1.929069
1.929191
1.929304
1.929409
1.929506
1.929596
1.929677
1.929750
1.929815
1.929872
1.929921
1.929962
1.929995
1.930020
1.930037
1.930046
1.930047
1.930040
1.930025
1.930001
1.929970
1.929931
1.929883
1.929828
1.929764
1.929692
1.929613
1.929525
1.929429
1.929325
1.929214
1.929094
1.928965
1.928829
1.928685
1.928533
1.928373
1.928204
1.928028
1.927843
1.927651
1.927450
1.927241
1.927025
1.926800
1.926567
1.926326
1.926077
1.925820
1.925554
1.925281
1.925000
1.924710
1.924413
1.924107
1.923793
1.923472
1.923142
1.922804
1.922458
1.922104
1.921742
1.921372
1.920994
1.920608
1.920213
1.919811
1.919400
1.918982
1.918555
1.918121
1.917678
1.917227
1.916769
1.916302
1.915827
1.915344
1.914853
1.914354
1.913847
1.913332
1.912809
1.912277
1.911738
1.911191
1.910636
1.910072
1.909501
1.908921
1.908334
1.907738
1.907135
1.906523
1.905904
1.905276
1.904641
1.903997
1.903346
1.902686
1.902019
1.901343
1.900660
1.899968
1.899268
1.898561
1.897845
1.897122
1.896390
1.895651
1.894904
1.894148
1.893385
1.892614
1.891834
1.891047
1.890252
1.889449
1.888638
1.887819
1.886992
1.886157
1.885314
1.884464
1.883605
1.882738
1.881864
1.880982
1.880091
1.879193
1.878287
1.877373
1.876452
1.875522
1.874585
1.873639
1.872686
1.871725
1.870756
1.869779
1.868794
1.867802
1.866802
1.865794
1.864778
1.863754
1.862723
1.861683
1.860636
1.859581
1.858519
1.857448
1.856370
1.855284
1.854190
1.853089
1.851979
1.850863
1.849738
1.848605
1.847465
1.846318
1.845162
1.843999
1.842828
1.841649
1.840463
1.839269
1.838068
1.836859
1.835642
1.834417
1.833185
1.831946
1.830698
1.829444
1.828181
1.826911
1.825634
1.824348
1.823056
1.821755
1.820448
1.819132
1.817810
1.816479
1.815141
1.813796
1.812443
1.811083
1.809715
1.808340
1.806958
1.805568
1.804170
1.802765
1.801353
1.799934
1.798507
1.797072
1.795631
1.794181
1.792725
1.791261
1.789790
1.788312
1.786827
1.785334
1.783834
1.782326
1.780812
1.779290
1.777761
1.776225
1.774681
1.773131
1.771573
1.770008
1.768436
1.766857
1.765271
1.763678
1.762077
1.760470
1.758855
1.757234
1.755605
1.753969
1.752327
1.750677
1.749021
1.747357
1.745687
1.744009
1.742325
1.740634
1.738936
1.737231
1.735519
1.733800
1.732075
1.730343
1.728604
1.726858
1.725106
1.723346
1.721580
1.719808
1.718028
1.716242
1.714450
1.712650
1.710844
1.709032
1.707213
1.705387
1.703555
1.701716
1.699871
1.698019
1.696161
1.694296
1.692425
1.690548
1.688664
1.686773
1.684877
1.682974
1.681064
1.679149
1.677227
1.675299
1.673364
1.671424
1.669477
1.667524
1.665565
1.663599
1.661628
1.659650
1.657667
1.655677
1.653681
1.651680
1.649672
1.647658
1.645639
1.643613
1.641582
1.639544
1.637501
1.635452
1.633397
1.631337
1.629270
1.627198
1.625120
1.623037
1.620947
1.618853
1.616752
1.614646
1.612534
1.610417
1.608294
1.606166
1.604032
1.601893
1.599748
1.597598
1.595443
1.593282
1.591116
1.588945
1.586768
1.584586
1.582399
1.580207
1.578009
1.575807
1.573599
1.571386
1.569168
1.566945
1.564717
1.562484
1.560246
1.558003
1.555756
1.553503
1.551245
1.548983
1.546716
1.544444
1.542168
1.539886
1.537600
1.535310
1.533015
1.530715
1.528410
1.526101
1.523788
1.521470
1.519148
1.516821
1.514490
1.512155
1.509815
1.507471
1.505122
1.502770
1.500413
1.498052
1.495687
1.493318
1.490944
1.488567
1.486186
1.483800
1.481411
1.479018
1.476621
1.474220
1.471815
1.469406
1.466994
1.464578
1.462158
1.459735
1.457308
1.454877
1.452443
1.450005
1.447564
1.445119
1.442671
1.440219
1.437764
1.435306
1.432844
1.430379
1.427911
1.425440
1.422965
1.420487
1.418007
1.415523
1.413036
1.410546
1.408053
1.405557
1.403059
1.400557
1.398053
1.395546
1.393036
1.390523
1.388008
1.385490
1.382969
1.380446
1.377920
1.375392
1.372861
1.370328
1.367792
1.365254
1.362713
1.360171
1.357626
1.355079
1.352529
1.349978
1.347424
1.344868
1.342310
1.339750
1.337188
1.334624
1.332059
1.329491
1.326922
1.324350
1.321777
1.319202
1.316626
1.314048
1.311468
1.308886
1.306303
1.303719
1.301133
1.298545
1.295956
1.293366
1.290775
1.288182
1.285587
1.282992
1.280395
1.277798
1.275199
1.272599
1.269998
1.267395
1.264792
1.262188
1.259583
1.256978
1.254371
1.251763
1.249155
1.246546
1.243937
1.241326
1.238715
1.236104
1.233492
1.230879
1.228266
1.225652
1.223038
1.220424
1.217810
1.215195
1.212579
1.209964
1.207348
1.204732
1.202116
1.199500
1.196884
1.194268
1.191652
1.189036
1.186420
1.183804
1.181188
1.178573
1.175958
1.173343
1.170728
1.168114
1.165500
1.162886
1.160273
1.157660
1.155048
1.152436
1.149825
1.147215
1.144605
1.141996
1.139387
1.136779
1.134172
1.131566
1.128961
1.126356
1.123753
1.121150
1.118549
1.115948
1.113349
1.110750
1.108153
1.105557
1.102962
1.100368
1.097775
1.095184
1.092594
1.090005
1.087418
1.084832
1.082247
1.079664
1.077083
1.074503
1.071925
1.069348
1.066773
1.064199
1.061627
1.059057
1.056489
1.053922
1.051357
1.048794
1.046233
1.043674
1.041117
1.038561
1.036008
1.033457
1.030907
1.028360
1.025815
1.023272
1.020731
1.018193
1.015657
1.013122
1.010591
1.008061
1.005534
1.003009
1.000487
0.997967
0.995449
0.992934
0.990422
0.987912
0.985404
0.982899
0.980397
0.977897
0.975400
0.972906
0.970415
0.967926
0.965440
0.962956
0.960476
0.957998
0.955524
0.953052
0.950583
0.948117
0.945654
0.943194
0.940737
0.938283
0.935832
0.933385
0.930940
0.928498
0.926060
0.923625
0.921193
0.918764
0.916339
0.913917
0.911498
0.909082
0.906670
0.904261
0.901856
0.899454
0.897055
0.894660
0.892268
0.889880
0.887495
0.885114
0.882737
0.880363
0.877992
0.875626
0.873262
0.870903
0.868547
0.866195
0.863847
0.861502
0.859161
0.856824
0.854490
0.852161
0.849835
0.847513
0.845195
0.842881
0.840571
0.838264
0.835962
0.833663
0.831369
0.829078
0.826792
0.824509
0.822231
0.819956
0.817686
0.815420
0.813157
0.810899
0.808645
0.806395
0.804150
0.801908
0.799671
0.797437
0.795208
0.792984
0.790763
0.788547
0.786335
0.784127
0.781923
0.779724
0.777529
0.775339
0.773153
0.770971
0.768793
0.766620
0.764451
0.762287
0.760127
0.757972
0.755820
0.753674
0.751532
0.749394
0.747261
0.745132
0.743007
0.740888
0.738772
0.736662
0.734555
0.732454
0.730356
0.728264
0.726176
0.724092
0.722013
0.719939
0.717869
0.715804
0.713743
0.711688
0.709636
0.707590
0.705548
0.703510
0.701478
0.699450
0.697426
0.695408
0.693393
0.691384
0.689379
0.687380
0.685384
0.683394
0.681408
0.679427
0.677450
0.675479
0.673512
0.671550
0.669592
0.667640
0.665692
0.663748
0.661810
0.659876
0.657947
0.656023
0.654104
0.652189
0.650279
0.648374
0.646474
0.644578
0.642688
0.640802
0.638921
0.637044
0.635173
0.633306
0.631444
0.629587
0.627735
0.625887
0.624044
0.622207
0.620373
0.618545
0.616722
0.614903
0.613089
0.611280
0.609476
0.607676
0.605881
0.604092
0.602307
0.600526
0.598751
0.596980
0.595214
0.593453
0.591697
0.589946
0.588199
0.586457
0.584720
0.582988
0.581260
0.579538
0.577820
0.576107
0.574399
0.572695
0.570996
0.569302
0.567613
0.565929
0.564249
0.562574
0.560904
0.559239
0.557578
0.555922
0.554271
0.552625
0.550983
0.549346
0.547714
0.546087
0.544464
0.542846
0.541233
0.539624
0.538020
0.536421
0.534827
0.533237
0.531652
0.530072
0.528496
0.526925
0.525359
0.523797
0.522240
0.520688
0.519140
0.517597
0.516059
0.514525
0.512996
0.511471
0.509952
0.508436
0.506926
0.505420
0.503918
0.502421
0.500929
0.499441
0.497958
0.496479
0.495005
0.493536
0.492071
0.490611
0.489155
0.487703
0.486256
0.484814
0.483376
0.481943
0.480514
0.479090
0.477670
0.476254
0.474843
0.473437
0.472035
0.470637
0.469244
0.467855
0.466470
0.465090
0.463715
0.462343
0.460977
0.459614
0.458256
0.456902
0.455553
0.454208
0.452867
0.451531
0.450198
0.448871
0.447547
0.446228
0.444913
0.443602
0.442296
0.440994
0.439696
0.438402
0.437113
0.435827
0.434546
0.433270
0.431997
0.430729
0.429464
0.428204
0.426948
0.425696
0.424449
0.423205
0.421966
0.420731
0.419499
0.418272
0.417049
0.415830
0.414615
0.413405
0.412198
0.410995
0.409796
0.408602
0.407411
0.406224
0.405042
0.403863
0.402688
0.401517
0.400350
0.399187
0.398028
0.396873
0.395722
0.394575
0.393432
0.392292
0.391157
0.390025
0.388897
0.387773
0.386653
0.385536
0.384424
0.383315
0.382210
0.381109
0.380011
0.378917
0.377828
0.376741
0.375659
0.374580
0.373505
0.372434
0.371366
0.370302
0.369242
0.368185
0.367132
0.366083
0.365037
0.363995
0.362957
0.361922
0.360891
0.359863
0.358839
0.357819
0.356802
0.355788
0.354778
0.353772
0.352769
0.351769
0.350774
0.349781
0.348792
0.347807
0.346825
0.345846
0.344871
0.343899
0.342931
0.341966
0.341004
0.340046
0.339091
0.338140
0.337191
0.336247
0.335305
0.334367
0.333432
0.332501
0.331572
0.330647
0.329726
0.328807
0.327892
0.326980
0.326071
0.325166
0.324263
0.323364
0.322468
0.321575
0.320686
0.319799
0.318916
0.318036
0.317159
0.316285
0.315414
0.314546
0.313681
0.312820
0.311961
0.311106
0.310253
0.309404
0.308558
0.307714
0.306874
0.306036
0.305202
0.304371
0.303542
0.302717
0.301894
0.301075
0.300258
0.299444
0.298633
0.297825
0.297020
0.296218
0.295419
0.294622
0.293829
0.293038
0.292250
0.291465
0.290682
0.289903
0.289126
0.288352
0.287581
0.286812
0.286047
0.285284
0.284523
0.283766
0.283011
0.282259
0.281510
0.280763
0.280019
0.279278
0.278539
0.277803
0.277070
0.276339
0.275611
0.274885
0.274162
0.273442
0.272724
0.272009
0.271296
0.270586
0.269878
0.269173
0.268471
0.267771
0.267074
0.266379
0.265686
0.264996
0.264309
0.263624
0.262941
0.262261
0.261583
0.260908
0.260235
0.259565
0.258897
0.258231
0.257568
0.256907
0.256248
0.255592
0.254938
0.254287
0.253638
0.252991
0.252347
0.251704
0.251065
0.250427
0.249792
0.249159
0.248528
0.247899
0.247273
0.246649
0.246027
0.245408
0.244790
0.244175
0.243562
0.242951
0.242343
0.241736
0.241132
0.240530
0.239930
0.239332
0.238737
0.238143
0.237552
0.236962
0.236375
0.235790
0.235207
0.234626
0.234047
0.233470
0.232895
0.232323
0.231752
0.231183
0.230617
0.230052
0.229489
0.228929
0.228370
0.227813
0.227259
0.226706
0.226155
0.225606
0.225059
0.224514
0.223971
0.223430
0.222891
0.222354
0.221819
0.221285
0.220754
0.220224
0.219696
0.219170
0.218646
0.218124
0.217603
0.217085
0.216568
0.216053
0.215540
0.215028
0.214519
0.214011
0.213505
0.213001
0.212498
0.211998
0.211499
0.211002
0.210506
0.210013
0.209521
0.209030
0.208542
0.208055
0.207570
0.207087
0.206605
0.206125
0.205646
0.205170
0.204695
0.204221
0.203750
0.203280
0.202811
0.202344
0.201879
0.201415
0.200953
0.200493
0.200034
0.199577
0.199121
0.198667
0.198215
0.197764
0.197315
0.196867
0.196421
0.195976
0.195533
0.195091
0.194651
0.194212
0.193775
0.193340
0.192906
0.192473
0.192042
0.191612
0.191184
0.190757
0.190332
0.189908
0.189486
0.189065
0.188645
0.188227
0.187811
0.187396
0.186982
0.186569
0.186159
0.185749
0.185341
0.184934
0.184529
0.184125
0.183722
0.183321
0.182921
0.182522
0.182125
0.181729
0.181334
0.180941
0.180549
0.180158
0.179769
0.179381
0.178995
0.178609
0.178225
0.177842
0.177461
0.177080
0.176702
0.176324
0.175947
0.175572
0.175198
0.174826
0.174454
0.174084
0.173715
0.173347
0.172981
0.172615
0.172251
0.171888
0.171527
0.171166
0.170807
0.170449
0.170092
0.169736
0.169381
0.169028
0.168676
0.168325
0.167975
0.167626
0.167278
0.166932
0.166586
0.166242
0.165899
0.165557
0.165216
0.164876
0.164537
0.164200
0.163863
0.163528
0.163194
0.162860
0.162528
0.162197
0.161867
0.161538
0.161210
0.160884
0.160558
0.160233
0.159909
0.159587
0.159265
0.158945
0.158625
0.158307
0.157989
0.157673
0.157357
0.157043
0.156729
0.156417
0.156105
0.155795
0.155485
0.155177
0.154869
0.154563
0.154257
0.153953
0.153649
0.153346
0.153045
0.152744
0.152444
0.152145
0.151847
0.151550
0.151254
0.150959
0.150664
0.150371
0.150079
0.149787
0.149497
0.149207
0.148918
0.148630
0.148343
0.148057
0.147772
0.147488
0.147204
0.146921
0.146640
0.146359
0.146079
0.145800
0.145522
0.145244
0.144968
0.144692
0.144417
0.144143
0.143870
0.143597
0.143326
0.143055
0.142785
0.142516
0.142248
0.141981
0.141714
0.141448
0.141183
0.140919
0.140656
0.140393
0.140131
0.139870
0.139610
0.139350
0.139092
0.138834
0.138577
0.138320
0.138065
0.137810
0.137556
0.137302
0.137050
0.136798
0.136547
0.136296
0.136047
0.135798
0.135550
0.135302
0.135056
0.134810
0.134565
0.134320
0.134076
0.133833
0.133591
0.133349
0.133108
0.132868
0.132628
0.132390
0.132151
0.131914
0.131677
0.131441
0.131206
0.130971
0.130737
0.130504
0.130271
0.130039
0.129808
0.129577
0.129347
0.129117
0.128889
0.128661
0.128433
0.128207
0.127980
0.127755
0.127530
0.127306
0.127082
0.126859
0.126637
0.126416
0.126195
0.125974
0.125754
0.125535
0.125317
0.125099
0.124881
0.124665
0.124449
0.124233
0.124018
0.123804
0.123590
0.123377
0.123165
0.122953
0.122741
0.122531
0.122321
0.122111
0.121902
0.121694
0.121486
0.121278
0.121072
0.120866
0.120660
0.120455
0.120251
0.120047
0.119843
0.119641
0.119439
0.119237
0.119036
0.118835
0.118635
0.118436
0.118237
0.118039
0.117841
0.117643
0.117447
0.117250
0.117055
0.116860
0.116665
0.116471
0.116277
0.116084
0.115892
0.115700
0.115508
0.115317
0.115126
0.114936
0.114747
0.114558
0.114370
0.114182
0.113994
0.113807
0.113621
0.113435
0.113249
0.113064
0.112880
0.112696
0.112512
0.112329
0.112147
0.111965
0.111783
0.111602
0.111421
0.111241
0.111061
0.110882
0.110704
0.110525
0.110348
0.110170
0.109993
0.109817
0.109641
0.109466
0.109291
0.109116
0.108942
0.108768
0.108595
0.108422
0.108250
0.108078
0.107907
0.107736
0.107566
0.107396
0.107226
0.107057
0.106888
0.106720
0.106552
0.106385
0.106218
0.106051
0.105885
0.105720
0.105555
0.105390
0.105226
0.105062
0.104898
0.104735
0.104573
0.104410
0.104249
0.104087
0.103926
0.103766
0.103606
0.103446
0.103287
0.103128
0.102970
0.102812
0.102654
0.102497
0.102341
0.102184
0.102028
0.101873
0.101718
0.101563
0.101409
0.101255
0.101102
0.100949
0.100796
0.100644
0.100493
0.100341
0.100190
0.100040
0.099890
0.099740
0.099591
0.099442
0.099293
0.099145
0.098998
0.098850
0.098704
0.098557
0.098411
0.098266
0.098120
0.097976
0.097831
0.097687
0.097544
0.097401
0.097258
0.097115
0.096974
0.096832
0.096691
0.096550
0.096410
0.096270
0.096131
0.095992
0.095853
0.095715
0.095577
0.095439
0.095303
0.095166
0.095030
0.094894
0.094759
0.094624
0.094490
0.094356
0.094222
0.094089
0.093956
0.093824
0.093692
0.093560
0.093429
0.093299
0.093169
0.093039
0.092910
0.092781
0.092652
0.092524
0.092397
0.092270
0.092143
0.092017
0.091892
0.091766
0.091642
0.091517
0.091393
0.091270
0.091147
0.091025
0.090903
0.090781
0.090660
0.090540
0.090420
0.090301
0.090182
0.090063
0.089945
0.089828
0.089711
0.089594
0.089478
0.089363
0.089248
0.089133
0.089020
0.088906
0.088794
0.088681
0.088570
0.088459
0.088348
0.088238
0.088129
0.088020
0.087912
0.087804
0.087697
0.087591
0.087485
0.087380
0.087275
0.087171
0.087068
0.086966
0.086864
0.086762
0.086662
0.086562
0.086462
0.086364
0.086266
0.086168
0.086072
0.085976
0.085881
0.085787
0.085693
0.085600
0.085508
0.085417
0.085327
0.085237
0.085148
0.085060
0.084973
0.084886
0.084801
0.084716
0.084632
0.084549
0.084467
0.084386
0.084306
0.084227
0.084149
0.084072
0.083995
0.083920
0.083846
0.083772
0.083700
0.083629
0.083559
0.083490
0.083422
0.083355
0.083290
0.083225
0.083162
0.083100
0.083039
0.082979
0.082921
0.082864
0.082808
0.082753
0.082700
0.082648
0.082598
0.082549
0.082501
0.082455
0.082411
0.082367
0.082326
0.082286
0.082247
0.082210
0.082175
0.082141
0.082109
0.082079
0.082051
0.082024
0.081999
0.081976
0.081955
0.081936
0.081918
0.081903
0.081890
0.081878
0.081869
0.081862
0.081857
0.081854
0.081854
0.081855
0.081859
0.081866
0.081874
0.081886
0.081899
0.081915
0.081934
0.081955
0.081979
0.082006
0.082036
0.082068
0.082103
0.082141
0.082182
0.082226
0.082273
0.082323
0.082377
0.082433
0.082493
0.082557
0.082623
0.082694
0.082767
0.082845
0.082926
0.083011
0.083099
0.083192
0.083288
0.083389
0.083493
0.083602
0.083715
0.083833
0.083955
0.084081
0.084212
0.084347
0.084488
0.084633
0.084783
0.084938
0.085098
0.085264
0.085435
0.085611
0.085792
0.085980
0.086173
0.086371
0.086576
0.086787
0.087003
0.087227
0.087456
0.087692
0.087934
0.088184
0.088440
0.088703
0.088973
0.089250
0.089535
0.089827
0.090127
0.090434
0.090750
0.091073
0.091405
0.091745
0.092093
0.092450
0.092816
0.093191
0.093575
0.093968
0.094370
0.094782
0.095204
0.095636
0.096078
0.096530
0.096993
0.097467
0.097951
0.098446
0.098953
0.099470
0.100000
0.100541
0.101094
0.101660
0.102238
0.102829
0.103432
0.104049
0.104678
0.105322
0.105979
0.106650
0.107335
0.108035
0.108749
0.109478
0.110223
0.110983
0.111758
0.112550
0.113357
0.114181
0.115022
0.115880
0.116755
0.117647
0.118557
0.119486
0.120432
0.121397
0.122381
0.123385
0.124407
0.125450
0.126512
0.127595
0.128699
0.129823
0.130969
0.132136
0.133325
0.134537
0.135770
0.137027
0.138307
0.139610
0.140937
0.142288
0.143663
0.145064
0.146489
0.147939
0.149415
0.150918
0.152446
0.154001
0.155583
0.157193
0.158830
0.160495
0.162188
0.163910
0.165661
0.167441
0.169251
0.171090
0.172960
0.174860
0.176791
0.178753
0.180747
0.182772
0.184829
0.186918
0.189040
0.191195
0.193383
0.195605
0.197860
0.200149
0.202472
0.204830
0.207222
0.209649
0.212112
0.214609
0.217143
0.219712
0.222316
0.224957
0.227635
0.230349
0.233099
0.235886
0.238710
0.241571
0.244469
0.247404
0.250376
0.253386
0.256433
0.259518
0.262639
0.265799
0.268995
0.272229
0.275501
0.278809
0.282155
0.285538
0.288958
0.292414
0.295908
0.299438
0.303004
0.306606
0.310244
0.313918
0.317627
0.321372
0.325151
0.328965
0.332812
0.336694
0.340608
0.344556
0.348536
0.352548
0.356592
0.360667
0.364772
0.368908
0.373072
0.377266
0.381488
0.385737
0.390013
0.394316
0.398644
0.402997
0.407373
0.411774
0.416196
0.420641
0.425106
0.429592
0.434097
0.438620
0.443160
0.447718
0.452290
0.456878
0.461479
0.466092
0.470718
0.475354
0.480000
0.484655
0.489317
0.493986
0.498660
0.503338
0.508020
0.512704
0.517389
0.522075
0.526759
0.531440
0.536119
0.540793
0.545461
0.550122
0.554775
0.559419
0.564053
0.568676
0.573285
0.577881
0.582463
0.587028
0.591576
0.596105
0.600616
0.605105
0.609574
0.614019
0.618440
0.622837
0.627207
0.631551
0.635866
0.640152
0.644408
0.648632
0.652824
0.656983
0.661108
0.665197
0.669250
0.673266
0.677244
0.681183
0.685082
0.688940
0.692757
0.696531
0.700263
0.703949
0.707591
0.711188
0.714738
0.718241
0.721696
0.725102
0.728459
0.731766
0.735023
0.738228
0.741381
0.744482
0.747530
0.750525
0.753465
0.756351
0.759181
0.761956
0.764674
0.767336
0.769941
0.772488
0.774978
0.777409
0.779781
0.782094
0.784348
0.786542
0.788676
0.790749
0.792762
0.794714
0.796604
0.798433
0.800199
0.801904
0.803547
0.805127
0.806644
0.808098
0.809489
0.810817
0.812081
0.813282
0.814419
0.815492
0.816501
0.817445
0.818326
0.819142
0.819893
0.820580
0.821203
0.821760
0.822253
0.822681
0.823044
0.823342
0.823575
0.823743
0.823846
0.823884
0.823857
0.823765
0.823607
0.823385
0.823097
0.822745
0.822327
0.821845
0.821298
0.820685
0.820008
0.819267
0.818460
0.817589
0.816654
0.815654
0.814589
0.813461
0.812269
0.811012
0.809692
0.808308
0.806861
0.805350
0.803777
0.802140
0.800440
0.798678
0.796854
0.794968
0.793020
0.791010
0.788938
0.786806
0.784613
0.782360
0.780046
0.777673
0.775240
0.772748
0.770197
0.767588
0.764921
0.762197
0.759415
0.756577
0.753682
0.750732
0.747727
0.744667
0.741552
0.738385
0.735164
0.731891
0.728565
0.725189
0.721762
0.718285
0.714759
0.711184
0.707561
0.703891
0.700175
0.696413
0.692606
0.688755
0.684860
0.680923
0.676945
0.672926
0.668867
0.664769
0.660632
0.656459
0.652249
0.648004
0.643725
0.639413
0.635068
0.630692
0.626286
0.621850
0.617386
0.612895
0.608378
0.603837
0.599271
0.594682
0.590072
0.585441
0.580791
0.576122
0.571436
0.566734
0.562017
0.557287
0.552544
0.547789
0.543024
0.538250
0.533468
0.528679
0.523884
0.519085
0.514282
0.509477
0.504670
0.499864
0.495059
0.490256
0.485456
0.480660
0.475870
0.471087
0.466311
0.461544
0.456786
0.452039
0.447304
0.442581
0.437872
0.433178
0.428499
0.423837
0.419192
0.414566
0.409958
0.405371
0.400805
0.396260
0.391738
0.387239
0.382764
0.378314
0.373889
0.369491
0.365119
0.360775
0.356459
0.352172
0.347915
0.343687
0.339490
0.335324
0.331189
0.327086
0.323016
0.318978
0.314974
0.311004
0.307067
0.303165
0.299298
0.295466
0.291669
0.287908
0.284182
0.280493
0.276840
0.273223
0.269643
0.266100
0.262594
0.259125
0.255692
0.252298
0.248940
0.245620
0.242337
0.239091
0.235883
0.232712
0.229578
0.226482
0.223423
0.220401
0.217416
0.214467
0.211556
0.208681
0.205843
0.203042
0.200276
0.197547
0.194853
0.192195
0.189573
0.186986
0.184434
0.181916
0.179434
0.176986
0.174572
0.172191
0.169845
0.167531
0.165251
0.163004
0.160789
0.158606
0.156455
0.154336
0.152248
0.150192
0.148166
0.146170
0.144205
0.142269
0.140363
0.138486
0.136638
0.134818
0.133027
0.131263
0.129527
0.127818
0.126136
0.124481
0.122852
0.121249
0.119672
0.118120
0.116592
0.115090
0.113611
0.112157
0.110727
0.109319
0.107935
0.106574
0.105235
0.103918
0.102623
0.101349
0.100097
0.098865
0.097654
0.096463
0.095292
0.094141
0.093010
0.091897
0.090803
0.089728
0.088671
0.087632
0.086610
0.085606
0.084620
0.083650
0.082696
0.081759
0.080838
0.079933
0.079044
0.078170
0.077310
0.076466
0.075636
0.074821
0.074020
0.073233
0.072459
0.071699
0.070952
0.070217
0.069496
0.068787
0.068091
0.067407
0.066734
0.066074
0.065424
0.064787
0.064160
0.063544
0.062939
0.062344
0.061760
0.061186
0.060623
0.060068
0.059524
0.058989
0.058463
0.057947
0.057440
0.056941
0.056451
0.055970
0.055497
0.055032
0.054575
0.054126
0.053685
0.053252
0.052826
0.052408
0.051996
0.051592
0.051195
0.050805
0.050421
0.050044
0.049674
0.049310
0.048952
0.048600
0.048254
0.047915
0.047581
0.047252
0.046930
0.046612
0.046300
0.045994
0.045692
0.045396
0.045105
0.044818
0.044537
0.044260
0.043988
0.043720
0.043457
0.043198
0.042943
0.042693
0.042447
0.042205
0.041967
0.041732
0.041502
0.041275
0.041052
0.040833
0.040617
0.040405
0.040196
0.039991
0.039788
0.039589
0.039394
0.039201
0.039011
0.038824
0.038641
0.038460
0.038282
0.038107
0.037934
0.037764
0.037597
0.037432
0.037270
0.037111
0.036953
0.036798
0.036646
0.036496
0.036348
0.036202
0.036058
0.035917
0.035777
0.035640
0.035504
0.035371
0.035240
0.035110
0.034982
0.034856
0.034732
0.034610
0.034489
0.034370
0.034253
0.034137
0.034023
0.033910
0.033799
0.033690
0.033582
0.033475
0.033370
0.033266
0.033164
0.033063
0.032963
0.032864
0.032767
0.032671
0.032576
0.032483
0.032390
0.032299
0.032209
0.032120
0.032032
0.031945
0.031859
0.031775
0.031691
0.031608
0.031526
0.031445
0.031365
0.031286
0.031208
0.031131
0.031054
0.030979
0.030904
0.030830
0.030757
0.030685
0.030613
0.030543
0.030473
0.030403
0.030335
0.030267
0.030200
0.030133
0.030067
0.030002
0.029938
0.029874
0.029810
0.029748
0.029685
0.029624
0.029563
0.029503
0.029443
0.029383
0.029325
0.029266
0.029209
0.029151
0.029095
0.029038
0.028983
0.028927
0.028873
0.028818
0.028764
0.028711
0.028658
0.028605
0.028553
0.028501
0.028449
0.028398
0.028348
0.028297
0.028247
0.028198
0.028149
0.028100
0.028051
0.028003
0.027955
0.027908
0.027861
0.027814
0.027767
0.027721
0.027675
0.027629
0.027584
0.027539
0.027494
0.027449
0.027405
0.027361
0.027317
0.027274
0.027230
0.027188
0.027145
0.027102
0.027060
0.027018
0.026976
0.026934
0.026893
0.026852
0.026811
0.026770
0.026730
0.026689
0.026649
0.026609
0.026570
0.026530
0.026491
0.026452
0.026413
0.026374
0.026335
0.026297
0.026258
0.026220
0.026182
0.026144
0.026107
0.026069
0.026032
0.025995
0.025958
0.025921
0.025884
0.025848
0.025811
0.025775
0.025739
0.025703
0.025667
0.025631
0.025595
0.025560
0.025524
0.025489
0.025454
0.025419
0.025384
0.025349
0.025315
0.025280
0.025246
0.025211
0.025177
0.025143
0.025109
0.025075
0.025041
0.025008
0.024974
0.024940
0.024907
0.024874
0.024841
0.024807
0.024774
0.024741
0.024709
0.024676
0.024643
0.024611
0.024578
0.024546
0.024513
0.024481
0.024449
0.024417
0.024385
0.024353
0.024321
0.024290
0.024258
0.024226
0.024195
0.024163
0.024132
0.024101
0.024070
0.024038
0.024007
0.023976
0.023945
0.023914
0.023884
0.023853
0.023822
0.023792
0.023761
0.023731
0.023700
0.023670
0.023640
0.023609
0.023579
0.023549
0.023519
0.023489
0.023459
0.023429
0.023400
0.023370
0.023340
0.023310
0.023281
0.023251
0.023222
0.023193
0.023163
0.023134
0.023105
0.023075
0.023046
0.023017
0.022988
0.022959
0.022930
0.022901
0.022873
0.022844
0.022815
0.022786
0.022758
0.022729
0.022701
0.022672
0.022644
0.022615
0.022587
0.022559
0.022530
0.022502
0.022474
0.022446
0.022418
0.022390
0.022362
0.022334
0.022306
0.022278
0.022250
0.022223
0.022195
0.022167
0.022140
0.022112
0.022084
0.022057
0.022029
0.022002
0.021975
0.021947
0.021920
0.021893
0.021866
0.021838
0.021811
0.021784
0.021757
0.021730
0.021703
0.021676
0.021649
0.021622
0.021596
0.021569
0.021542
0.021515
0.021489
0.021462
0.021436
0.021409
0.021382
0.021356
0.021330
0.021303
0.021277
0.021250
0.021224
0.021198
0.021172
0.021145
0.021119
0.021093
0.021067
0.021041
0.021015
0.020989
0.020963
0.020937
0.020911
0.020886
0.020860
0.020834
0.020808
0.020783
0.020757
0.020731
0.020706
0.020680
0.020655
0.020629
0.020604
0.020578
0.020553
0.020528
0.020502
0.020477
0.020452
0.020426
0.020401
0.020376
0.020351
0.020326
0.020301
0.020276
0.020251
0.020226
0.020201
0.020176
0.020151
0.020126
0.020102
0.020077
0.020052
0.020027
0.020003
0.019978
0.019954
0.019929
0.019904
0.019880
0.019855
0.019831
0.019807
0.019782
0.019758
0.019733
0.019709
0.019685
0.019661
0.019636
0.019612
0.019588
0.019564
0.019540
0.019516
0.019492
0.019468
0.019444
0.019420
0.019396
0.019372
0.019348
0.019325
0.019301
0.019277
0.019253
0.019230
0.019206
0.019182
0.019159
0.019135
0.019112
0.019088
0.019065
0.019041
0.019018
0.018994
0.018971
0.018948
0.018924
0.018901
0.018878
0.018855
0.018832
0.018808
0.018785
0.018762
0.018739
0.018716
0.018693
0.018670
0.018647
0.018624
0.018601
0.018578
0.018555
0.018533
0.018510
0.018487
0.018464
0.018442
0.018419
0.018396
0.018374
0.018351
0.018329
0.018306
0.018283
0.018261
0.018239
0.018216
0.018194
0.018171
0.018149
0.018127
0.018104
0.018082
0.018060
0.018038
0.018015
0.017993
0.017971
0.017949
0.017927
0.017905
0.017883
0.017861
0.017839
0.017817
0.017795
0.017773
0.017751
0.017730
0.017708
0.017686
0.017664
0.017642
0.017621
0.017599
0.017577
0.017556
0.017534
0.017513
0.017491
0.017470
0.017448
0.017427
0.017405
0.017384
0.017362
0.017341
0.017320
0.017298
0.017277
0.017256
0.017235
0.017214
0.017192
0.017171
0.017150
0.017129
0.017108
0.017087
0.017066
0.017045
0.017024
0.017003
0.016982
0.016961
0.016940
0.016919
0.016899
0.016878
0.016857
0.016836
0.016816
0.016795
0.016774
0.016754
0.016733
0.016712
0.016692
0.016671
0.016651
0.016630
0.016610
0.016589
0.016569
0.016549
0.016528
0.016508
0.016488
0.016467
0.016447
0.016427
0.016407
0.016386
0.016366
0.016346
0.016326
0.016306
0.016286
0.016266
0.016246
0.016226
0.016206
0.016186
0.016166
0.016146
0.016126
0.016106
0.016087
0.016067
0.016047
0.016027
0.016008
0.015988
0.015968
0.015948
0.015929
0.015909
0.015890
0.015870
0.015851
0.015831
0.015812
0.015792
0.015773
0.015753
0.015734
0.015714
0.015695
0.015676
0.015657
0.015637
0.015618
0.015599
0.015580
0.015560
0.015541
0.015522
0.015503
0.015484
0.015465
0.015446
0.015427
0.015408
0.015389
0.015370
0.015351
0.015332
0.015313
0.015294
0.015275
0.015257
0.015238
0.015219
0.015200
0.015182
0.015163
0.015144
0.015126
0.015107
0.015088
0.015070
0.015051
0.015033
0.015014
0.014996
0.014977
0.014959
0.014940
0.014922
0.014904
0.014885
0.014867
0.014849
0.014830
0.014812
0.014794
0.014776
0.014757
0.014739
0.014721
0.014703
0.014685
0.014667
0.014649
0.014631
0.014613
0.014595
0.014577
0.014559
0.014541
0.014523
0.014505
0.014487
0.014469
0.014451
0.014433
0.014416
0.014398
0.014380
0.014362
0.014345
0.014327
0.014309
0.014292
0.014274
0.014257
0.014239
0.014221
0.014204
0.014186
0.014169
0.014151
0.014134
0.014117
0.014099
0.014082
0.014064
0.014047
0.014030
0.014013
0.013995
0.013978
0.013961
0.013944
0.013926
0.013909
0.013892
0.013875
0.013858
0.013841
0.013824
0.013807
0.013790
0.013773
0.013756
0.013739
0.013722
0.013705
0.013688
0.013671
0.013654
0.013637
0.013621
0.013604
0.013587
0.013570
0.013554
0.013537
0.013520
0.013503
0.013487
0.013470
0.013454
0.013437
0.013420
0.013404
0.013387
0.013371
0.013354
0.013338
0.013321
0.013305
0.013289
0.013272
0.013256
0.013239
0.013223
0.013207
0.013191
0.013174
0.013158
0.013142
0.013126
0.013109
0.013093
0.013077
0.013061
0.013045
0.013029
0.013013
0.012997
0.012981
0.012965
0.012949
0.012933
0.012917
0.012901
0.012885
0.012869
0.012853
0.012837
0.012821
0.012805
0.012790
0.012774
0.012758
0.012742
0.012727
0.012711
0.012695
0.012680
0.012664
0.012648
0.012633
0.012617
0.012602
0.012586
0.012570
0.012555
0.012539
0.012524
0.012509
0.012493
0.012478
0.012462
0.012447
0.012432
0.012416
0.012401
0.012386
0.012370
0.012355
0.012340
0.012325
0.012309
0.012294
0.012279
0.012264
0.012249
0.012234
0.012218
0.012203
0.012188
0.012173
0.012158
0.012143
0.012128
0.012113
0.012098
0.012083
0.012068
0.012054
0.012039
0.012024
0.012009
0.011994
0.011979
0.011964
0.011950
0.011935
0.011920
0.011906
0.011891
0.011876
0.011861
0.011847
0.011832
0.011818
0.011803
0.011788
0.011774
0.011759
0.011745
0.011730
0.011716
0.011701
0.011687
0.011672
0.011658
0.011644
0.011629
0.011615
0.011601
0.011586
0.011572
0.011558
0.011543
0.011529
0.011515
0.011501
0.011486
0.011472
0.011458
0.011444
0.011430
0.011416
0.011402
0.011387
0.011373
0.011359
0.011345
0.011331
0.011317
0.011303
0.011289
0.011275
0.011261
0.011248
0.011234
0.011220
0.011206
0.011192
0.011178
0.011164
0.011151
0.011137
0.011123
0.011109
0.011096
0.011082
0.011068
0.011055
0.011041
0.011027
0.011014
0.011000
0.010986
0.010973
0.010959
0.010946
0.010932
0.010919
0.010905
0.010892
0.010878
0.010865
0.010851
0.010838
0.010825
0.010811
0.010798
0.010784
0.010771
0.010758
0.010745
0.010731
0.010718
0.010705
0.010691
0.010678
0.010665
0.010652
0.010639
0.010626
0.010612
0.010599
0.010586
0.010573
0.010560
0.010547
0.010534
0.010521
0.010508
0.010495
0.010482
0.010469
0.010456
0.010443
0.010430
0.010417
0.010404
0.010392
0.010379
0.010366
0.010353
0.010340
0.010327
0.010315
0.010302
0.010289
0.010276
0.010264
0.010251
0.010238
0.010226
0.010213
0.010200
0.010188
0.010175
0.010163
0.010150
0.010138
0.010125
0.010112
0.010100
0.010087
0.010075
0.010063
0.010050
0.010038
0.010025
0.010013
0.010000
0.009988
0.009976
0.009963
0.009951
0.009939
0.009926
0.009914
0.009902
0.009890
0.009877
0.009865
0.009853
0.009841
0.009829
0.009817
0.009804
0.009792
0.009780
0.009768
0.009756
0.009744
0.009732
0.009720
0.009708
0.009696
0.009684
0.009672
0.009660
0.009648
0.009636
0.009624
0.009612
0.009600
0.009588
0.009576
0.009565
0.009553
0.009541
0.009529
0.009517
0.009506
0.009494
0.009482
0.009470
0.009459
0.009447
0.009435
0.009424
0.009412
0.009400
0.009389
0.009377
0.009365
0.009354
0.009342
0.009331
0.009319
0.009308
0.009296
0.009284
0.009273
0.009262
0.009250
0.009239
0.009227
0.009216
0.009204
0.009193
0.009182
0.009170
0.009159
0.009148
0.009136
0.009125
0.009114
0.009102
0.009091
0.009080
0.009069
0.009057
0.009046
0.009035
0.009024
0.009013
0.009001
0.008990
0.008979
0.008968
0.008957
0.008946
0.008935
0.008924
0.008913
0.008902
0.008891
0.008880
0.008869
0.008858
0.008847
0.008836
0.008825
0.008814
0.008803
0.008792
0.008781
0.008770
0.008759
0.008748
0.008738
0.008727
0.008716
0.008705
0.008694
0.008684
0.008673
0.008662
0.008651
0.008641
0.008630
0.008619
0.008609
0.008598
0.008587
0.008577
0.008566
0.008556
0.008545
0.008534
0.008524
0.008513
0.008503
0.008492
0.008482
0.008471
0.008461
0.008450
0.008440
0.008429
0.008419
0.008408
0.008398
0.008388
0.008377
0.008367
0.008356
0.008346
0.008336
0.008325
0.008315
0.008305
0.008294
0.008284
0.008274
0.008264
0.008253
0.008243
0.008233
0.008223
0.008213
0.008202
0.008192
0.008182
0.008172
0.008162
0.008152
0.008142
0.008132
0.008121
0.008111
0.008101
0.008091
0.008081
0.008071
0.008061
0.008051
0.008041
0.008031
0.008021
0.008011
0.008002
0.007992
0.007982
0.007972
0.007962
0.007952
0.007942
0.007932
0.007923
0.007913
0.007903
0.007893
0.007883
0.007874
0.007864
0.007854
0.007844
0.007835
0.007825
0.007815
0.007805
0.007796
0.007786
0.007777
0.007767
0.007757
0.007748
0.007738
0.007728
0.007719
0.007709
0.007700
0.007690
0.007681
0.007671
0.007662
0.007652
0.007643
0.007633
0.007624
0.007614
0.007605
0.007595
0.007586
0.007577
0.007567
0.007558
0.007548
0.007539
0.007530
0.007520
0.007511
0.007502
0.007492
0.007483
0.007474
0.007465
0.007455
0.007446
0.007437
0.007428
0.007418
0.007409
0.007400
0.007391
0.007382
0.007373
0.007363
0.007354
0.007345
0.007336
0.007327
0.007318
0.007309
0.007300
0.007291
0.007282
0.007273
0.007264
0.007255
0.007246
0.007237
0.007228
0.007219
0.007210
0.007201
0.007192
0.007183
0.007174
0.007165
0.007156
0.007147
0.007138
0.007130
0.007121
0.007112
0.007103
0.007094
0.007086
0.007077
0.007068
0.007059
0.007050
0.007042
0.007033
0.007024
0.007016
0.007007
0.006998
0.006989
0.006981
0.006972
0.006963
0.006955
0.006946
0.006938
0.006929
0.006920
0.006912
0.006903
0.006895
0.006886
0.006878
0.006869
0.006860
0.006852
0.006843
0.006835
0.006827
0.006818
0.006810
0.006801
0.006793
0.006784
0.006776
0.006767
0.006759
0.006751
0.006742
0.006734
0.006726
0.006717
0.006709
0.006701
0.006692
0.006684
0.006676
0.006667
0.006659
0.006651
0.006643
0.006634
0.006626
0.006618
0.006610
0.006601
0.006593
0.006585
0.006577
0.006569
0.006561
0.006552
0.006544
0.006536
0.006528
0.006520
0.006512
0.006504
0.006496
0.006488
0.006480
0.006472
0.006464
0.006456
0.006448
0.006440
0.006432
0.006424
0.006416
0.006408
0.006400
0.006392
0.006384
0.006376
0.006368
0.006360
0.006352
0.006344
0.006336
0.006329
0.006321
0.006313
0.006305
0.006297
0.006289
0.006282
0.006274
0.006266
0.006258
0.006250
0.006243
0.006235
0.006227
0.006219
0.006212
0.006204
0.006196
0.006189
0.006181
0.006173
0.006166
0.006158
0.006150
0.006143
0.006135
0.006127
0.006120
0.006112
0.006105
0.006097
0.006089
0.006082
0.006074
0.006067
0.006059
0.006052
0.006044
0.006037
0.006029
0.006022
0.006014
0.006007
0.005999
0.005992
0.005984
0.005977
0.005970
0.005962
0.005955
0.005947
0.005940
0.005933
0.005925
0.005918
0.005911
0.005903
0.005896
0.005889
0.005881
0.005874
0.005867
0.005859
0.005852
0.005845
0.005838
0.005830
0.005823
0.005816
0.005809
0.005801
0.005794
0.005787
0.005780
0.005773
0.005765
0.005758
0.005751
0.005744
0.005737
0.005730
0.005723
0.005716
0.005708
0.005701
0.005694
0.005687
0.005680
0.005673
0.005666
0.005659
0.005652
0.005645
0.005638
0.005631
0.005624
0.005617
0.005610
0.005603
0.005596
0.005589
0.005582
0.005575
0.005568
0.005561
0.005554
0.005548
0.005541
0.005534
0.005527
0.005520
0.005513
0.005506
0.005499
0.005493
0.005486
0.005479
0.005472
0.005465
0.005458
0.005452
0.005445
0.005438
0.005431
0.005425
0.005418
0.005411
0.005404
0.005398
0.005391
0.005384
0.005377
0.005371
0.005364
0.005357
0.005351
0.005344
0.005337
0.005331
0.005324
0.005317
0.005311
0.005304
0.005297
0.005291
0.005284
0.005277
0.005271
0.005264
0.005257
0.005251
0.005244
0.005237
0.005231
0.005224
0.005217
0.005211
0.005204
0.005197
0.005190
0.005184
0.005177
0.005170
0.005163
0.005156
0.005150
0.005143
0.005136
0.005129
0.005122
0.005115
0.005108
0.005101
0.005094
0.005086
0.005079
0.005072
0.005064
0.005057
0.005049
0.005042
0.005034
0.005026
0.005018
0.005009
0.005001
0.004993
0.004984
0.004975
0.004966
0.004956
0.004947
0.004937
0.004927
0.004916
0.004905
0.004894
0.004882
0.004870
0.004857
0.004844
0.004831
0.004816
0.004801
0.004785
0.004769
0.004751
0.004733
0.004714
0.004693
0.004671
0.004648
0.004624
0.004598
0.004571
0.004541
0.004510
0.004477
0.004441
0.004403
0.004362
0.004319
0.004272
0.004222
0.004168
0.004110
0.004048
0.003981
0.003909
0.003832
0.003749
0.003659
0.003562
0.003458
0.003346
0.003225
0.003094
0.002953
0.002800
0.002636
0.002458
0.002266
0.002058
0.001834
0.001592
0.001329
0.001046
0.000739
0.000408
0.000050
-0.000338
-0.000758
-0.001212
-0.001702
-0.002234
-0.002808
-0.003430
-0.004103
-0.004831
-0.005619
-0.006471
-0.007394
-0.008392
-0.009472
-0.010641
-0.011905
-0.013273
-0.014753
-0.016354
-0.018086
-0.019960
-0.021986
-0.024178
-0.026548
-0.029111
-0.031881
-0.034876
-0.038113
-0.041611
-0.045390
-0.049472
-0.053882
-0.058642
-0.063781
-0.069327
-0.075311
-0.081764
-0.088721
-0.096220
-0.104298
-0.112997
-0.122359
-0.132432
-0.143262
-0.154899
-0.167396
-0.180807
-0.195189
-0.210599
-0.227098
-0.244746
-0.263605
-0.283738
-0.305206
-0.328071
-0.352393
-0.378232
-0.405641
-0.434673
-0.465373
-0.497784
-0.531938
-0.567860
-0.605566
-0.645061
-0.686338
-0.729377
-0.774144
-0.820588
-0.868646
-0.918234
-0.969254
-1.021592
-1.075115
-1.129675
-1.185110
-1.241243
-1.297885
-1.354835
-1.411886
-1.468822
-1.525425
-1.581475
-1.636751
-1.691037
-1.744121
-1.795798
-1.845875
-1.894165
-1.940496
-1.984707
-2.026651
-2.066195
-2.103218
-2.137614
-2.169288
-2.198159
-2.224157
-2.247220
-2.267301
-2.284356
-2.298354
-2.309268
-2.317078
-2.321772
-2.323341
-2.321782
-2.317099
-2.309298
-2.298395
-2.284407
-2.267361
-2.247291
-2.224238
-2.198250
-2.169390
-2.137726
-2.103340
-2.066327
-2.026793
-1.984859
-1.940658
-1.894337
-1.846057
-1.795991
-1.744323
-1.691250
-1.636974
-1.581708
-1.525669
-1.469076
-1.412149
-1.355109
-1.298169
-1.241537
-1.185414
-1.129990
-1.075439
-1.021926
-0.969599
-0.918588
-0.869010
-0.820963
-0.774529
-0.729773
-0.686744
-0.645477
-0.605992
-0.568295
-0.532384
-0.498240
-0.465840
-0.435149
-0.406128
-0.378728
-0.352900
-0.328588
-0.305733
-0.284275
-0.264153
-0.245304
-0.227666
-0.211177
-0.195777
-0.181405
-0.168004
-0.155517
-0.143890
-0.133071
-0.123009
-0.113656
-0.104967
-0.096900
-0.089411
-0.082464
-0.076021
-0.070048
-0.064512
-0.059383
-0.054632
-0.050234
-0.046161
-0.042392
-0.038904
-0.035678
-0.032693
-0.029933
-0.027380
-0.025021
-0.022839
-0.020823
-0.018959
-0.017238
-0.015647
-0.014177
-0.012819
-0.011565
-0.010406
-0.009336
-0.008348
-0.007436
-0.006594
-0.005816
-0.005098
-0.004436
-0.003824
-0.003260
-0.002739
-0.002258
-0.001814
-0.001405
-0.001028
-0.000679
-0.000358
-0.000062
0.000211
0.000463
0.000696
0.000910
0.001107
0.001289
0.001456
0.001611
0.001753
0.001884
0.002004
0.002115
0.002217
0.002311
0.002398
0.002477
0.002550
0.002617
0.002679
0.002735
0.002787
0.002835
0.002878
0.002918
0.002955
0.002988
0.003018
0.003046
0.003072
0.003095
0.003116
0.003135
0.003152
0.003168
0.003182
0.003194
0.003206
0.003216
0.003225
0.003233
0.003240
0.003246
0.003252
0.003257
0.003261
0.003264
0.003267
0.003269
0.003271
0.003272
0.003273
0.003274
0.003274
0.003274
0.003274
0.003273
0.003272
0.003271
0.003269
0.003268
0.003266
0.003264
0.003262
0.003259
0.003257
0.003254
0.003252
0.003249
0.003246
0.003243
0.003240
0.003237
0.003234
0.003231
0.003227
0.003224
0.003221
0.003217
0.003214
0.003210
0.003207
0.003203
0.003200
0.003196
0.003192
0.003189
0.003185
0.003181
0.003177
0.003174
0.003170
0.003166
0.003162
0.003159
0.003155
0.003151
0.003147
0.003144
0.003140
0.003136
0.003132
0.003128
0.003124
0.003121
0.003117
0.003113
0.003109
0.003105
0.003102
0.003098
0.003094
0.003090
0.003086
0.003082
0.003079
0.003075
0.003071
0.003067
0.003063
0.003060
0.003056
0.003052
0.003048
0.003045
0.003041
0.003037
0.003033
0.003029
0.003026
0.003022
0.003018
0.003014
0.003011
0.003007
0.003003
0.002999
0.002996
0.002992
0.002988
0.002985
0.002981
0.002977
0.002973
0.002970
0.002966
0.002962
0.002959
0.002955
0.002951
0.002948
0.002944
0.002940
0.002937
0.002933
0.002929
0.002926
0.002922
0.002918
0.002915
0.002911
0.002907
0.002904
0.002900
0.002897
0.002893
0.002889
0.002886
0.002882
0.002879
0.002875
0.002871
0.002868
0.002864
0.002861
0.002857
0.002854
0.002850
0.002847
0.002843
0.002839
0.002836
0.002832
0.002829
0.002825
0.002822
0.002818
0.002815
0.002811
0.002808
0.002804
0.002801
0.002797
0.002794
0.002790
0.002787
0.002783
0.002780
0.002776
0.002773
0.002770
0.002766
0.002763
0.002759
0.002756
0.002752
0.002749
0.002745
0.002742
0.002739
0.002735
0.002732
0.002728
0.002725
0.002722
0.002718
0.002715
0.002711
0.002708
0.002705
0.002701
0.002698
0.002695
0.002691
0.002688
0.002685
0.002681
0.002678
0.002675
0.002671
0.002668
0.002665
0.002661
0.002658
0.002655
0.002651
0.002648
0.002645
0.002641
0.002638
0.002635
0.002632
0.002628
0.002625
0.002622
0.002618
0.002615
0.002612
0.002609
0.002605
0.002602
0.002599
0.002596
0.002592
0.002589
0.002586
0.002583
0.002580
0.002576
0.002573
0.002570
0.002567
0.002564
0.002560
0.002557
0.002554
0.002551
0.002548
0.002544
0.002541
0.002538
0.002535
0.002532
0.002529
0.002525
0.002522
0.002519
0.002516
0.002513
0.002510
0.002507
0.002504
0.002500
0.002497
0.002494
0.002491
0.002488
0.002485
0.002482
0.002479
0.002476
0.002473
0.002469
0.002466
0.002463
0.002460
0.002457
0.002454
0.002451
0.002448
0.002445
0.002442
0.002439
0.002436
0.002433
0.002430
0.002427
0.002424
0.002421
0.002418
0.002415
0.002412
0.002409
0.002406
0.002403
0.002400
0.002397
0.002394
0.002391
0.002388
0.002385
0.002382
0.002379
0.002376
0.002373
0.002370
0.002367
0.002364
0.002361
0.002358
0.002355
0.002352
0.002349
0.002346
0.002343
0.002341
0.002338
0.002335
0.002332
0.002329
0.002326
0.002323
0.002320
0.002317
0.002314
0.002312
0.002309
0.002306
0.002303
0.002300
0.002297
0.002294
0.002291
0.002289
0.002286
0.002283
0.002280
0.002277
0.002274
0.002272
0.002269
0.002266
0.002263
0.002260
0.002257
0.002255
0.002252
0.002249
0.002246
0.002243
0.002241
0.002238
0.002235
0.002232
0.002229
0.002227
0.002224
0.002221
0.002218
0.002216
0.002213
0.002210
0.002207
0.002205
0.002202
0.002199
0.002196
0.002194
0.002191
0.002188
0.002185
0.002183
0.002180
0.002177
0.002174
0.002172
0.002169
0.002166
0.002164
0.002161
0.002158
0.002156
0.002153
0.002150
0.002148
0.002145
0.002142
0.002140
0.002137
0.002134
0.002132
0.002129
0.002126
0.002124
0.002121
0.002118
0.002116
0.002113
0.002110
0.002108
0.002105
0.002102
0.002100
0.002097
0.002095
0.002092
0.002089
0.002087
0.002084
0.002082
0.002079
0.002076
0.002074
0.002071
0.002069
0.002066
0.002063
0.002061
0.002058
0.002056
0.002053
0.002051
0.002048
0.002046
0.002043
0.002040
0.002038
0.002035
0.002033
0.002030
0.002028
0.002025
0.002023
0.002020
0.002018
0.002015
0.002013
0.002010
0.002008
0.002005
0.002003
0.002000
0.001998
0.001995
0.001993
0.001990
0.001988
0.001985
0.001983
0.001980
0.001978
0.001975
0.001973
0.001970
0.001968
0.001966
0.001963
0.001961
0.001958
0.001956
0.001953
0.001951
0.001948
0.001946
0.001944
0.001941
0.001939
0.001936
0.001934
0.001931
0.001929
0.001927
0.001924
0.001922
0.001919
0.001917
0.001915
0.001912
0.001910
0.001908
0.001905
0.001903
0.001900
0.001898
0.001896
0.001893
0.001891
0.001889
0.001886
0.001884
0.001882
0.001879
0.001877
0.001875
0.001872
0.001870
0.001868
0.001865
0.001863
0.001861
0.001858
0.001856
0.001854
0.001851
0.001849
0.001847
0.001844
0.001842
0.001840
0.001837
0.001835
0.001833
0.001831
0.001828
0.001826
0.001824
0.001821
0.001819
0.001817
0.001815
0.001812
0.001810
0.001808
0.001806
0.001803
0.001801
0.001799
0.001797
0.001794
0.001792
0.001790
0.001788
0.001785
0.001783
0.001781
0.001779
0.001777
0.001774
0.001772
0.001770
0.001768
0.001766
0.001763
0.001761
0.001759
0.001757
0.001755
0.001752
0.001750
0.001748
0.001746
0.001744
0.001741
0.001739
0.001737
0.001735
0.001733
0.001731
0.001728
0.001726
0.001724
0.001722
0.001720
0.001718
0.001716
0.001713
0.001711
0.001709
0.001707
0.001705
0.001703
0.001701
0.001699
0.001696
0.001694
0.001692
0.001690
0.001688
0.001686
0.001684
0.001682
0.001680
0.001677
0.001675
0.001673
0.001671
0.001669
0.001667
0.001665
0.001663
0.001661
0.001659
0.001657
0.001655
0.001653
0.001650
0.001648
0.001646
0.001644
0.001642
0.001640
0.001638
0.001636
0.001634
0.001632
0.001630
0.001628
0.001626
0.001624
0.001622
0.001620
0.001618
0.001616
0.001614
0.001612
0.001610
0.001608
0.001606
0.001604
0.001602
0.001600
0.001598
0.001596
0.001594
0.001592
0.001590
0.001588
0.001586
0.001584
0.001582
0.001580
0.001578
0.001576
0.001574
0.001572
0.001570
0.001568
0.001566
0.001564
0.001562
0.001560
0.001558
0.001556
0.001555
0.001553
0.001551
0.001549
0.001547
0.001545
0.001543
0.001541
0.001539
0.001537
0.001535
0.001533
0.001531
0.001530
0.001528
0.001526
0.001524
0.001522
0.001520
0.001518
0.001516
0.001514
0.001512
0.001511
0.001509
0.001507
0.001505
0.001503
0.001501
0.001499
0.001497
0.001496
0.001494
0.001492
0.001490
0.001488
0.001486
0.001484
0.001483
0.001481
0.001479
0.001477
0.001475
0.001473
0.001471
0.001470
0.001468
0.001466
0.001464
0.001462
0.001460
0.001459
0.001457
0.001455
0.001453
0.001451
0.001450
0.001448
0.001446
0.001444
0.001442
0.001441
0.001439
0.001437
0.001435
0.001433
0.001432
0.001430
0.001428
0.001426
0.001424
0.001423
0.001421
0.001419
0.001417
0.001416
0.001414
0.001412
0.001410
0.001409
0.001407
0.001405
0.001403
0.001402
0.001400
0.001398
0.001396
0.001395
0.001393
0.001391
0.001389
0.001388
0.001386
0.001384
0.001382
0.001381
0.001379
0.001377
0.001376
0.001374
0.001372
0.001370
0.001369
0.001367
0.001365
0.001364
0.001362
0.001360
0.001358
0.001357
0.001355
0.001353
0.001352
0.001350
0.001348
0.001347
0.001345
0.001343
0.001342
0.001340
0.001338
0.001337
0.001335
0.001333
0.001332
0.001330
0.001328
0.001327
0.001325
0.001323
0.001322
0.001320
0.001318
0.001317
0.001315
0.001313
0.001312
0.001310
0.001309
0.001307
0.001305
0.001304
0.001302
0.001300
0.001299
0.001297
0.001296
0.001294
0.001292
0.001291
0.001289
0.001287
0.001286
0.001284
0.001283
0.001281
0.001279
0.001278
0.001276
0.001275
0.001273
0.001272
0.001270
0.001268
0.001267
0.001265
0.001264
0.001262
0.001260
0.001259
0.001257
0.001256
0.001254
0.001253
0.001251
0.001249
0.001248
0.001246
0.001245
0.001243
0.001242
0.001240
0.001239
0.001237
0.001236
0.001234
0.001232
0.001231
0.001229
0.001228
0.001226
0.001225
0.001223
0.001222
0.001220
0.001219
0.001217
0.001216
0.001214
0.001213
0.001211
0.001210
0.001208
0.001207
0.001205
0.001204
0.001202
0.001201
0.001199
0.001198
0.001196
0.001195
0.001193
0.001192
0.001190
0.001189
0.001187
0.001186
0.001184
0.001183
0.001181
0.001180
0.001178
0.001177
0.001175
0.001174
0.001172
0.001171
0.001169
0.001168
0.001167
0.001165
0.001164
0.001162
0.001161
0.001159
0.001158
0.001156
0.001155
0.001154
0.001152
0.001151
0.001149
0.001148
0.001146
0.001145
0.001143
0.001142
0.001141
0.001139
0.001138
0.001136
0.001135
0.001134
0.001132
0.001131
0.001129
0.001128
0.001126
0.001125
0.001124
0.001122
0.001121
0.001119
0.001118
0.001117
0.001115
0.001114
0.001113
0.001111
0.001110
0.001108
0.001107
0.001106
0.001104
0.001103
0.001101
0.001100
0.001099
0.001097
0.001096
0.001095
0.001093
0.001092
0.001091
0.001089
0.001088
0.001086
0.001085
0.001084
0.001082
0.001081
0.001080
0.001078
0.001077
0.001076
0.001074
0.001073
0.001072
0.001070
0.001069
0.001068
0.001066
0.001065
0.001064
0.001062
0.001061
0.001060
0.001058
0.001057
0.001056
0.001054
0.001053
0.001052
0.001050
0.001049
0.001048
0.001046
0.001045
0.001044
0.001043
0.001041
0.001040
0.001039
0.001037
0.001036
0.001035
0.001034
0.001032
0.001031
0.001030
0.001028
0.001027
0.001026
0.001025
0.001023
0.001022
0.001021
0.001019
0.001018
0.001017
0.001016
0.001014
0.001013
0.001012
0.001011
0.001009
0.001008
0.001007
0.001005
0.001004
0.001003
0.001002
0.001000
0.000999
0.000998
0.000997
0.000996
0.000994
0.000993
0.000992
0.000991
0.000989
0.000988
0.000987
0.000986
0.000984
0.000983
0.000982
0.000981
0.000979
0.000978
0.000977
0.000976
0.000975
0.000973
0.000972
0.000971
0.000970
0.000969
0.000967
0.000966
0.000965
0.000964
0.000962
0.000961
0.000960
0.000959
0.000958
0.000957
0.000955
0.000954
0.000953
0.000952
0.000951
0.000949
0.000948
0.000947
0.000946
0.000945
0.000943
0.000942
0.000941
0.000940
0.000939
0.000938
0.000936
0.000935
0.000934
0.000933
0.000932
0.000931
0.000929
0.000928
0.000927
0.000926
0.000925
0.000924
0.000922
0.000921
0.000920
0.000919
0.000918
0.000917
0.000916
0.000914
0.000913
0.000912
0.000911
0.000910
0.000909
0.000908
0.000906
0.000905
0.000904
0.000903
0.000902
0.000901
0.000900
0.000899
0.000897
0.000896
0.000895
0.000894
0.000893
0.000892
0.000891
0.000890
0.000889
0.000887
0.000886
0.000885
0.000884
0.000883
0.000882
0.000881
0.000880
0.000879
0.000878
0.000876
0.000875
0.000874
0.000873
0.000872
0.000871
0.000870
0.000869
0.000868
0.000867
0.000866
0.000864
0.000863
0.000862
0.000861
0.000860
0.000859
0.000858
0.000857
0.000856
0.000855
0.000854
0.000853
0.000852
0.000851
0.000849
0.000848
0.000847
0.000846
0.000845
0.000844
0.000843
0.000842
0.000841
0.000840
0.000839
0.000838
0.000837
0.000836
0.000835
0.000834
0.000833
0.000832
0.000831
0.000830
0.000829
0.000828
0.000826
0.000825
0.000824
0.000823
0.000822
0.000821
0.000820
0.000819
0.000818
0.000817
0.000816
0.000815
0.000814
0.000813
0.000812
0.000811
0.000810
0.000809
0.000808
0.000807
0.000806
0.000805
0.000804
0.000803
0.000802
0.000801
0.000800
0.000799
0.000798
0.000797
0.000796
0.000795
0.000794
0.000793
0.000792
0.000791
0.000790
0.000789
0.000788
0.000787
0.000786
0.000785
0.000784
0.000783
0.000782
0.000781
0.000780
0.000779
0.000778
0.000777
0.000776
0.000775
0.000775
0.000774
0.000773
0.000772
0.000771
0.000770
0.000769
0.000768
0.000767
0.000766
0.000765
0.000764
0.000763
0.000762
0.000761
0.000760
0.000759
0.000758
0.000757
0.000756
0.000755
0.000754
0.000754
0.000753
0.000752
0.000751
0.000750
0.000749
0.000748
0.000747
0.000746
0.000745
0.000744
0.000743
0.000742
0.000741
0.000740
0.000740
0.000739
0.000738
0.000737
0.000736
0.000735
0.000734
0.000733
0.000732
0.000731
0.000730
0.000729
0.000729
0.000728
0.000727
0.000726
0.000725
0.000724
0.000723
0.000722
0.000721
0.000720
0.000719
0.000719
0.000718
0.000717
0.000716
0.000715
0.000714
0.000713
0.000712
0.000711
0.000711
0.000710
0.000709
0.000708
0.000707
0.000706
0.000705
0.000704
0.000703
0.000703
0.000702
0.000701
0.000700
0.000699
0.000698
0.000697
0.000696
0.000696
0.000695
0.000694
0.000693
0.000692
0.000691
0.000690
0.000690
0.000689
0.000688
0.000687
0.000686
0.000685
0.000684
0.000684
0.000683
0.000682
0.000681
0.000680
0.000679
0.000678
0.000678
0.000677
0.000676
0.000675
0.000674
0.000673
0.000673
0.000672
0.000671
0.000670
0.000669
0.000668
0.000668
0.000667
0.000666
0.000665
0.000664
0.000663
0.000663
0.000662
0.000661
0.000660
0.000659
0.000658
0.000658
0.000657
0.000656
0.000655
0.000654
0.000654
0.000653
0.000652
0.000651
0.000650
0.000649
0.000649
0.000648
0.000647
0.000646
0.000645
0.000645
0.000644
0.000643
0.000642
0.000641
0.000641
0.000640
0.000639
0.000638
0.000637
0.000637
0.000636
0.000635
0.000634
0.000633
0.000633
0.000632
0.000631
0.000630
0.000629
0.000629
0.000628
0.000627
0.000626
0.000626
0.000625
0.000624
0.000623
0.000622
0.000622
0.000621
0.000620
0.000619
0.000619
0.000618
0.000617
0.000616
0.000615
0.000615
0.000614
0.000613
0.000612
0.000612
0.000611
0.000610
0.000609
0.000609
0.000608
0.000607
0.000606
0.000606
0.000605
0.000604
0.000603
0.000603
0.000602
0.000601
0.000600
0.000600
0.000599
0.000598
0.000597
0.000597
0.000596
0.000595
0.000594
0.000594
0.000593
0.000592
0.000591
0.000591
0.000590
0.000589
0.000588
0.000588
0.000587
0.000586
0.000585
0.000585
0.000584
0.000583
0.000583
0.000582
0.000581
0.000580
0.000580
0.000579
0.000578
0.000577
0.000577
0.000576
0.000575
0.000575
0.000574
0.000573
0.000572
0.000572
0.000571
0.000570
0.000570
0.000569
0.000568
0.000567
0.000567
0.000566
0.000565
0.000565
0.000564
0.000563
0.000563
0.000562
0.000561
0.000560
0.000560
0.000559
0.000558
0.000558
0.000557
0.000556
0.000556
0.000555
0.000554
0.000553
0.000553
0.000552
0.000551
0.000551
0.000550
0.000549
0.000549
0.000548
0.000547
0.000547
0.000546
0.000545
0.000545
0.000544
0.000543
0.000543
0.000542
0.000541
0.000540
0.000540
0.000539
0.000538
0.000538
0.000537
0.000536
0.000536
0.000535
0.000534
0.000534
0.000533
0.000532
0.000532
0.000531
0.000530
0.000530
0.000529
0.000528
0.000528
0.000527
0.000526
0.000526
0.000525
0.000525
0.000524
0.000523
0.000523
0.000522
0.000521
0.000521
0.000520
0.000519
0.000519
0.000518
0.000517
0.000517
0.000516
0.000515
0.000515
0.000514
0.000513
0.000513
0.000512
0.000512
0.000511
0.000510
0.000510
0.000509
0.000508
0.000508
0.000507
0.000506
0.000506
0.000505
0.000505
0.000504
0.000503
0.000503
0.000502
0.000501
0.000501
0.000500
0.000500
0.000499
0.000498
0.000498
0.000497
0.000496
0.000496
0.000495
0.000495
0.000494
0.000493
0.000493
0.000492
0.000492
0.000491
0.000490
0.000490
0.000489
0.000488
0.000488
0.000487
0.000487
0.000486
0.000485
0.000485
0.000484
0.000484
0.000483
0.000482
0.000482
0.000481
0.000481
0.000480
0.000479
0.000479
0.000478
0.000478
0.000477
0.000476
0.000476
0.000475
0.000475
0.000474
0.000473
0.000473
0.000472
0.000472
0.000471
0.000470
0.000470
0.000469
0.000469
0.000468
0.000468
0.000467
0.000466
0.000466
0.000465
0.000465
0.000464
0.000463
0.000463
0.000462
0.000462
0.000461
0.000461
0.000460
0.000459
0.000459
0.000458
0.000458
0.000457
0.000457
0.000456
0.000455
0.000455
0.000454
0.000454
0.000453
0.000453
0.000452
0.000451
0.000451
0.000450
0.000450
0.000449
0.000449
0.000448
0.000448
0.000447
0.000446
0.000446
0.000445
0.000445
0.000444
0.000444
0.000443
0.000443
0.000442
0.000441
0.000441
0.000440
0.000440
0.000439
0.000439
0.000438
0.000438
0.000437
0.000437
0.000436
0.000435
0.000435
0.000434
0.000434
0.000433
0.000433
0.000432
0.000432
0.000431
0.000431
0.000430
0.000429
0.000429
0.000428
0.000428
0.000427
0.000427
0.000426
0.000426
0.000425
0.000425
0.000424
0.000424
0.000423
0.000423
0.000422
0.000422
0.000421
0.000420
0.000420
0.000419
0.000419
0.000418
0.000418
0.000417
0.000417
0.000416
0.000416
0.000415
0.000415
0.000414
0.000414
0.000413
0.000413
0.000412
0.000412
0.000411
0.000411
0.000410
0.000410
0.000409
0.000409
0.000408
0.000408
0.000407
0.000407
0.000406
0.000405
0.000405
0.000404
0.000404
0.000403
0.000403
0.000402
0.000402
0.000401
0.000401
0.000400
0.000400
0.000399
0.000399
0.000398
0.000398
0.000397
0.000397
0.000396
0.000396
0.000395
0.000395
0.000394
0.000394
0.000394
0.000393
0.000393
0.000392
0.000392
0.000391
0.000391
0.000390
0.000390
0.000389
0.000389
0.000388
0.000388
0.000387
0.000387
0.000386
0.000386
0.000385
0.000385
0.000384
0.000384
0.000383
0.000383
0.000382
0.000382
0.000381
0.000381
0.000380
0.000380
0.000380
0.000379
0.000379
0.000378
0.000378
0.000377
0.000377
0.000376
0.000376
0.000375
0.000375
0.000374
0.000374
0.000373
0.000373
0.000372
0.000372
0.000372
0.000371
0.000371
0.000370
0.000370
0.000369
0.000369
0.000368
0.000368
0.000367
0.000367
0.000366
0.000366
0.000366
0.000365
0.000365
0.000364
0.000364
0.000363
0.000363
0.000362
0.000362
0.000361
0.000361
0.000361
0.000360
0.000360
0.000359
0.000359
0.000358
0.000358
0.000357
0.000357
0.000357
0.000356
0.000356
0.000355
0.000355
0.000354
0.000354
0.000353
0.000353
0.000353
0.000352
0.000352
0.000351
0.000351
0.000350
0.000350
0.000349
0.000349
0.000349
0.000348
0.000348
0.000347
0.000347
0.000346
0.000346
0.000346
0.000345
0.000345
0.000344
0.000344
0.000343
0.000343
0.000343
0.000342
0.000342
0.000341
0.000341
0.000340
0.000340
0.000340
0.000339
0.000339
0.000338
0.000338
0.000337
0.000337
0.000337
0.000336
0.000336
0.000335
