0.283877
0.284057
0.284237
0.284417
0.284597
0.284777
0.284957
0.285137
0.285317
0.285496
0.285676
0.285856
0.286036
0.286215
0.286395
0.286575
0.286754
0.286934
0.287113
0.287293
0.287472
0.287652
0.287831
0.288011
0.288190
0.288369
0.288549
0.288728
0.288907
0.289086
0.289265
0.289445
0.289624
0.289803
0.289982
0.290161
0.290340
0.290519
0.290698
0.290877
0.291056
0.291234
0.291413
0.291592
0.291771
0.291949
0.292128
0.292307
0.292485
0.292664
0.292842
0.293021
0.293199
0.293378
0.293556
0.293735
0.293913
0.294091
0.294269
0.294448
0.294626
0.294804
0.294982
0.295160
0.295338
0.295516
0.295694
0.295872
0.296050
0.296228
0.296406
0.296584
0.296761
0.296939
0.297117
0.297294
0.297472
0.297650
0.297827
0.298005
0.298182
0.298360
0.298537
0.298714
0.298892
0.299069
0.299246
0.299423
0.299600
0.299777
0.299955
0.300132
0.300309
0.300486
0.300662
0.300839
0.301016
0.301193
0.301370
0.301546
0.301723
0.301900
0.302076
0.302253
0.302429
0.302606
0.302782
0.302959
0.303135
0.303311
0.303488
0.303664
0.303840
0.304016
0.304192
0.304368
0.304544
0.304720
0.304896
0.305072
0.305248
0.305424
0.305600
0.305775
0.305951
0.306127
0.306302
0.306478
0.306653
0.306829
0.307004
0.307180
0.307355
0.307530
0.307706
0.307881
0.308056
0.308231
0.308406
0.308581
0.308756
0.308931
0.309106
0.309281
0.309456
0.309631
0.309805
0.309980
0.310155
0.310329
0.310504
0.310679
0.310853
0.311027
0.311202
0.311376
0.311551
0.311725
0.311899
0.312073
0.312247
0.312421
0.312595
0.312769
0.312943
0.313117
0.313291
0.313465
0.313639
0.313813
0.313986
0.314160
0.314334
0.314507
0.314681
0.314854
0.315028
0.315201
0.315374
0.315548
0.315721
0.315894
0.316067
0.316241
0.316414
0.316587
0.316760
0.316933
0.317106
0.317278
0.317451
0.317624
0.317797
0.317970
0.318142
0.318315
0.318487
0.318660
0.318832
0.319005
0.319177
0.319350
0.319522
0.319694
0.319867
0.320039
0.320211
0.320383
0.320555
0.320727
0.320899
0.321071
0.321243
0.321415
0.321587
0.321758
0.321930
0.322102
0.322274
0.322445
0.322617
0.322788
0.322960
0.323131
0.323303
0.323474
0.323645
0.323817
0.323988
0.324159
0.324330
0.324502
0.324673
0.324844
0.325015
0.325186
0.325357
0.325528
0.325698
0.325869
0.326040
0.326211
0.326382
0.326552
0.326723
0.326894
0.327064
0.327235
0.327405
0.327576
0.327746
0.327916
0.328087
0.328257
0.328427
0.328598
0.328768
0.328938
0.329108
0.329278
0.329449
0.329619
0.329789
0.329959
0.330129
0.330299
0.330468
0.330638
0.330808
0.330978
0.331148
0.331317
0.331487
0.331657
0.331826
0.331996
0.332166
0.332335
0.332505
0.332674
0.332844
0.333013
0.333183
0.333352
0.333521
0.333691
0.333860
0.334029
0.334199
0.334368
0.334537
0.334706
0.334875
0.335045
0.335214
0.335383
0.335552
0.335721
0.335890
0.336059
0.336228
0.336397
0.336566
0.336735
0.336904
0.337073
0.337242
0.337410
0.337579
0.337748
0.337917
0.338086
0.338254
0.338423
0.338592
0.338761
0.338929
0.339098
0.339267
0.339435
0.339604
0.339773
0.339941
0.340110
0.340279
0.340447
0.340616
0.340784
0.340953
0.341122
0.341290
0.341459
0.341627
0.341796
0.341964
0.342133
0.342301
0.342470
0.342638
0.342807
0.342975
0.343144
0.343312
0.343481
0.343649
0.343818
0.343986
0.344155
0.344323
0.344492
0.344661
0.344829
0.344998
0.345166
0.345335
0.345503
0.345672
0.345840
0.346009
0.346178
0.346346
0.346515
0.346683
0.346852
0.347021
0.347189
0.347358
0.347527
0.347695
0.347864
0.348033
0.348202
0.348370
0.348539
0.348708
0.348877
0.349046
0.349215
0.349384
0.349552
0.349721
0.349890
0.350059
0.350228
0.350398
0.350567
0.350736
0.350905
0.351074
0.351243
0.351413
0.351582
0.351751
0.351921
0.352090
0.352259
0.352429
0.352598
0.352768
0.352937
0.353107
0.353277
0.353446
0.353616
0.353786
0.353956
0.354126
0.354296
0.354466
0.354636
0.354806
0.354976
0.355146
0.355317
0.355487
0.355657
0.355828
0.355998
0.356169
0.356339
0.356510
0.356681
0.356852
0.357023
0.357194
0.357365
0.357536
0.357707
0.357878
0.358049
0.358221
0.358392
0.358564
0.358735
0.358907
0.359079
0.359250
0.359422
0.359594
0.359766
0.359939
0.360111
0.360283
0.360456
0.360628
0.360801
0.360973
0.361146
0.361319
0.361492
0.361665
0.361838
0.362012
0.362185
0.362359
0.362532
0.362706
0.362880
0.363054
0.363228
0.363402
0.363576
0.363750
0.363925
0.364100
0.364274
0.364449
0.364624
0.364799
0.364974
0.365150
0.365325
0.365501
0.365676
0.365852
0.366028
0.366204
0.366381
0.366557
0.366734
0.366910
0.367087
0.367264
0.367441
0.367619
0.367796
0.367974
0.368151
0.368329
0.368507
0.368685
0.368864
0.369042
0.369221
0.369400
0.369579
0.369758
0.369937
0.370117
0.370297
0.370477
0.370657
0.370837
0.371017
0.371198
0.371379
0.371560
0.371741
0.371922
0.372104
0.372286
0.372467
0.372650
0.372832
0.373015
0.373197
0.373380
0.373563
0.373747
0.373930
0.374114
0.374298
0.374483
0.374667
0.374852
0.375037
0.375222
0.375407
0.375593
0.375779
0.375965
0.376151
0.376338
0.376524
0.376711
0.376899
0.377086
0.377274
0.377462
0.377651
0.377839
0.378028
0.378217
0.378406
0.378596
0.378786
0.378976
0.379167
0.379357
0.379548
0.379740
0.379931
0.380123
0.380315
0.380508
0.380701
0.380894
0.381087
0.381281
0.381475
0.381669
0.381864
0.382058
0.382254
0.382449
0.382645
0.382841
0.383038
0.383235
0.383432
0.383629
0.383827
0.384025
0.384224
0.384423
0.384622
0.384822
0.385022
0.385222
0.385423
0.385624
0.385825
0.386027
0.386229
0.386431
0.386634
0.386838
0.387041
0.387245
0.387450
0.387655
0.387860
0.388066
0.388272
0.388478
0.388685
0.388892
0.389100
0.389308
0.389517
0.389726
0.389935
0.390145
0.390355
0.390566
0.390777
0.390989
0.391201
0.391413
0.391626
0.391840
0.392054
0.392268
0.392483
0.392698
0.392914
0.393130
0.393347
0.393564
0.393782
0.394000
0.394219
0.394438
0.394658
0.394878
0.395099
0.395320
0.395542
0.395765
0.395987
0.396211
0.396435
0.396659
0.396884
0.397110
0.397336
0.397563
0.397790
0.398018
0.398246
0.398475
0.398705
0.398935
0.399166
0.399397
0.399629
0.399862
0.400095
0.400328
0.400563
0.400798
0.401033
0.401270
0.401506
0.401744
0.401982
0.402221
0.402460
0.402700
0.402941
0.403182
0.403424
0.403667
0.403910
0.404155
0.404399
0.404645
0.404891
0.405138
0.405385
0.405633
0.405882
0.406132
0.406383
0.406634
0.406886
0.407138
0.407391
0.407646
0.407900
0.408156
0.408412
0.408669
0.408927
0.409186
0.409446
0.409706
0.409967
0.410229
0.410491
0.410755
0.411019
0.411284
0.411550
0.411817
0.412084
0.412353
0.412622
0.412892
0.413163
0.413435
0.413708
0.413981
0.414256
0.414531
0.414807
0.415085
0.415363
0.415642
0.415921
0.416202
0.416484
0.416767
0.417050
0.417335
0.417620
0.417907
0.418194
0.418483
0.418772
0.419062
0.419354
0.419646
0.419939
0.420234
0.420529
0.420825
0.421123
0.421421
0.421721
0.422021
0.422323
0.422625
0.422929
0.423234
0.423539
0.423846
0.424154
0.424464
0.424774
0.425085
0.425397
0.425711
0.426026
0.426342
0.426659
0.426977
0.427296
0.427616
0.427938
0.428261
0.428585
0.428910
0.429237
0.429564
0.429893
0.430223
0.430554
0.430887
0.431221
0.431556
0.431892
0.432230
0.432569
0.432909
0.433250
0.433593
0.433937
0.434282
0.434629
0.434977
0.435326
0.435677
0.436029
0.436382
0.436737
0.437093
0.437451
0.437810
0.438170
0.438532
0.438895
0.439260
0.439626
0.439993
0.440362
0.440733
0.441105
0.441478
0.441853
0.442229
0.442607
0.442987
0.443368
0.443750
0.444134
0.444520
0.444907
0.445295
0.445686
0.446077
0.446471
0.446866
0.447262
0.447661
0.448061
0.448462
0.448865
0.449270
0.449677
0.450085
0.450495
0.450906
0.451319
0.451734
0.452151
0.452570
0.452990
0.453412
0.453836
0.454261
0.454688
0.455117
0.455548
0.455981
0.456415
0.456852
0.457290
0.457730
0.458172
0.458616
0.459062
0.459509
0.459959
0.460410
0.460863
0.461319
0.461776
0.462235
0.462696
0.463159
0.463624
0.464092
0.464561
0.465032
0.465505
0.465980
0.466458
0.466937
0.467419
0.467902
0.468388
0.468876
0.469366
0.469858
0.470352
0.470848
0.471347
0.471847
0.472350
0.472855
0.473363
0.473872
0.474384
0.474898
0.475415
0.475933
0.476454
0.476977
0.477503
0.478031
0.478561
0.479093
0.479628
0.480166
0.480705
0.481247
0.481792
0.482339
0.482888
0.483440
0.483994
0.484551
0.485110
0.485672
0.486236
0.486803
0.487372
0.487944
0.488519
0.489096
0.489676
0.490258
0.490843
0.491430
0.492020
0.492613
0.493209
0.493807
0.494408
0.495012
0.495618
0.496227
0.496839
0.497454
0.498071
0.498691
0.499314
0.499940
0.500569
0.501201
0.501835
0.502472
0.503113
0.503756
0.504402
0.505051
0.505703
0.506358
0.507016
0.507677
0.508341
0.509008
0.509678
0.510351
0.511028
0.511707
0.512389
0.513075
0.513764
0.514456
0.515151
0.515849
0.516550
0.517255
0.517963
0.518674
0.519389
0.520106
0.520827
0.521552
0.522279
0.523010
0.523745
0.524483
0.525224
0.525968
0.526716
0.527468
0.528223
0.528981
0.529743
0.530508
0.531277
0.532050
0.532826
0.533605
0.534389
0.535175
0.535966
0.536760
0.537558
0.538359
0.539165
0.539973
0.540786
0.541602
0.542423
0.543246
0.544074
0.544906
0.545741
0.546580
0.547424
0.548271
0.549122
0.549977
0.550835
0.551698
0.552565
0.553436
0.554311
0.555189
0.556072
0.556959
0.557850
0.558746
0.559645
0.560549
0.561456
0.562368
0.563284
0.564204
0.565129
0.566058
0.566991
0.567928
0.568870
0.569816
0.570767
0.571721
0.572681
0.573644
0.574612
0.575585
0.576562
0.577544
0.578530
0.579520
0.580515
0.581515
0.582520
0.583528
0.584542
0.585560
0.586583
0.587611
0.588643
0.589681
0.590722
0.591769
0.592821
0.593877
0.594938
0.596004
0.597075
0.598151
0.599232
0.600317
0.601408
0.602504
0.603604
0.604710
0.605821
0.606937
0.608058
0.609184
0.610315
0.611451
0.612593
0.613740
0.614892
0.616049
0.617212
0.618379
0.619553
0.620731
0.621915
0.623104
0.624299
0.625499
0.626704
0.627915
0.629132
0.630354
0.631581
0.632814
0.634053
0.635297
0.636547
0.637803
0.639064
0.640331
0.641604
0.642882
0.644166
0.645456
0.646752
0.648054
0.649361
0.650674
0.651994
0.653319
0.654650
0.655987
0.657330
0.658679
0.660034
0.661395
0.662763
0.664136
0.665516
0.666901
0.668293
0.669691
0.671096
0.672506
0.673923
0.675346
0.676776
0.678211
0.679653
0.681102
0.682557
0.684018
0.685486
0.686961
0.688442
0.689929
0.691423
0.692924
0.694431
0.695945
0.697465
0.698992
0.700526
0.702067
0.703614
0.705168
0.706729
0.708297
0.709872
0.711453
0.713042
0.714637
0.716239
0.717849
0.719465
0.721088
0.722718
0.724356
0.726000
0.727652
0.729311
0.730977
0.732650
0.734330
0.736018
0.737713
0.739415
0.741124
0.742841
0.744565
0.746297
0.748036
0.749782
0.751536
0.753297
0.755066
0.756843
0.758627
0.760418
0.762217
0.764024
0.765839
0.767661
0.769491
0.771328
0.773174
0.775027
0.776888
0.778756
0.780633
0.782518
0.784410
0.786310
0.788219
0.790135
0.792059
0.793992
0.795932
0.797880
0.799837
0.801802
0.803774
0.805755
0.807744
0.809742
0.811748
0.813761
0.815784
0.817814
0.819853
0.821900
0.823956
0.826020
0.828092
0.830173
0.832263
0.834360
0.836467
0.838582
0.840705
0.842838
0.844978
0.847128
0.849286
0.851453
0.853628
0.855812
0.858005
0.860207
0.862418
0.864637
0.866866
0.869103
0.871349
0.873604
0.875868
0.878141
0.880423
0.882714
0.885014
0.887323
0.889641
0.891968
0.894304
0.896650
0.899004
0.901368
0.903741
0.906124
0.908515
0.910916
0.913326
0.915745
0.918174
0.920612
0.923060
0.925517
0.927983
0.930459
0.932944
0.935439
0.937943
0.940457
0.942980
0.945513
0.948055
0.950607
0.953169
0.955740
0.958321
0.960912
0.963512
0.966123
0.968742
0.971372
0.974011
0.976661
0.979320
0.981988
0.984667
0.987356
0.990054
0.992762
0.995481
0.998209
1.000947
1.003695
1.006453
1.009221
1.011999
1.014788
1.017586
1.020394
1.023213
1.026041
1.028880
1.031729
1.034587
1.037457
1.040336
1.043225
1.046125
1.049035
1.051955
1.054885
1.057826
1.060777
1.063738
1.066710
1.069692
1.072684
1.075687
1.078700
1.081723
1.084757
1.087801
1.090855
1.093920
1.096995
1.100081
1.103177
1.106284
1.109401
1.112529
1.115667
1.118816
1.121975
1.125145
1.128325
1.131516
1.134717
1.137929
1.141152
1.144385
1.147628
1.150883
1.154147
1.157423
1.160709
1.164006
1.167313
1.170631
1.173959
1.177299
1.180649
1.184009
1.187380
1.190762
1.194155
1.197558
1.200972
1.204396
1.207831
1.211277
1.214734
1.218201
1.221679
1.225168
1.228667
1.232177
1.235698
1.239230
1.242772
1.246325
1.249888
1.253463
1.257047
1.260643
1.264250
1.267867
1.271494
1.275133
1.278782
1.282442
1.286112
1.289793
1.293485
1.297188
1.300901
1.304625
1.308359
1.312104
1.315860
1.319626
1.323403
1.327191
1.330989
1.334798
1.338617
1.342448
1.346288
1.350139
1.354001
1.357873
1.361756
1.365650
1.369554
1.373468
1.377393
1.381328
1.385274
1.389231
1.393197
1.397175
1.401162
1.405160
1.409169
1.413188
1.417217
1.421257
1.425307
1.429367
1.433437
1.437518
1.441609
1.445711
1.449822
1.453944
1.458076
1.462218
1.466370
1.470533
1.474706
1.478888
1.483081
1.487284
1.491497
1.495719
1.499952
1.504195
1.508448
1.512710
1.516983
1.521265
1.525558
1.529860
1.534172
1.538493
1.542824
1.547166
1.551516
1.555877
1.560247
1.564626
1.569016
1.573414
1.577823
1.582240
1.586667
1.591104
1.595550
1.600005
1.604470
1.608944
1.613427
1.617920
1.622421
1.626932
1.631452
1.635981
1.640519
1.645066
1.649622
1.654187
1.658760
1.663343
1.667935
1.672535
1.677144
1.681762
1.686388
1.691023
1.695667
1.700319
1.704980
1.709649
1.714326
1.719012
1.723707
1.728409
1.733120
1.737839
1.742566
1.747301
1.752045
1.756796
1.761555
1.766323
1.771098
1.775881
1.780672
1.785470
1.790276
1.795090
1.799912
1.804741
1.809577
1.814421
1.819272
1.824131
1.828997
1.833870
1.838750
1.843637
1.848532
1.853433
1.858342
1.863257
1.868179
1.873108
1.878044
1.882987
1.887936
1.892891
1.897853
1.902822
1.907797
1.912778
1.917766
1.922760
1.927760
1.932766
1.937778
1.942796
1.947820
1.952850
1.957886
1.962927
1.967975
1.973027
1.978086
1.983149
1.988219
1.993293
1.998373
2.003458
2.008548
2.013644
2.018744
2.023849
2.028960
2.034075
2.039194
2.044319
2.049448
2.054582
2.059720
2.064863
2.070010
2.075161
2.080317
2.085476
2.090640
2.095808
2.100980
2.106155
2.111335
2.116518
2.121705
2.126895
2.132089
2.137287
2.142487
2.147691
2.152899
2.158109
2.163323
2.168539
2.173759
2.178981
2.184206
2.189434
2.194665
2.199898
2.205133
2.210372
2.215612
2.220855
2.226099
2.231346
2.236595
2.241846
2.247099
2.252354
2.257611
2.262869
2.268128
2.273390
2.278652
2.283917
2.289182
2.294449
2.299716
2.304985
2.310255
2.315526
2.320797
2.326069
2.331342
2.336616
2.341890
2.347165
2.352440
2.357715
2.362990
2.368266
2.373542
2.378817
2.384093
2.389368
2.394644
2.399919
2.405193
2.410467
2.415741
2.421014
2.426286
2.431557
2.436828
2.442098
2.447366
2.452634
2.457901
2.463166
2.468430
2.473693
2.478954
2.484214
2.489472
2.494728
2.499983
2.505236
2.510487
2.515736
2.520983
2.526228
2.531471
2.536712
2.541950
2.547186
2.552420
2.557651
2.562879
2.568105
2.573328
2.578548
2.583766
2.588980
2.594192
2.599400
2.604605
2.609807
2.615006
2.620202
2.625394
2.630583
2.635768
2.640950
2.646128
2.651302
2.656473
2.661640
2.666803
2.671962
2.677117
2.682268
2.687415
2.692557
2.697696
2.702830
2.707960
2.713086
2.718207
2.723323
2.728436
2.733543
2.738646
2.743744
2.748838
2.753927
2.759011
2.764090
2.769164
2.774234
2.779298
2.784357
2.789412
2.794461
2.799505
2.804544
2.809577
2.814606
2.819629
2.824647
2.829659
2.834666
2.839668
2.844665
2.849656
2.854641
2.859621
2.864595
2.869564
2.874528
2.879486
2.884438
2.889385
2.894326
2.899261
2.904191
2.909115
2.914034
2.918946
2.923854
2.928755
2.933651
2.938541
2.943426
2.948305
2.953178
2.958046
2.962908
2.967765
2.972616
2.977461
2.982301
2.987135
2.991964
2.996787
3.001605
3.006418
3.011225
3.016026
3.020823
3.025614
3.030399
3.035180
3.039955
3.044725
3.049491
3.054251
3.059006
3.063756
3.068501
3.073242
3.077978
3.082709
3.087435
3.092157
3.096875
3.101588
3.106297
3.111001
3.115702
3.120398
3.125090
3.129779
3.134464
3.139145
3.143822
3.148496
3.153166
3.157834
3.162498
3.167159
3.171817
3.176472
3.181124
3.185774
3.190422
3.195067
3.199710
3.204350
3.208989
3.213626
3.218262
3.222896
3.227529
3.232160
3.236790
3.241420
3.246049
3.250677
3.255305
3.259933
3.264560
3.269188
3.273816
3.278445
3.283074
3.287704
3.292335
3.296967
3.301601
3.306236
3.310873
3.315512
3.320153
3.324797
3.329443
3.334092
3.338744
3.343399
3.348058
3.352720
3.357386
3.362056
3.366730
3.371408
3.376092
3.380780
3.385473
3.390172
3.394876
3.399585
3.404301
3.409023
3.413751
3.418485
3.423227
3.427975
3.432730
3.437493
3.442263
3.447041
3.451827
3.456621
3.461423
3.466234
3.471053
3.475881
3.480717
3.485563
3.490418
3.495283
3.500157
3.505040
3.509933
3.514836
3.519749
3.524672
3.529605
3.534548
3.539502
3.544465
3.549439
3.554423
3.559417
3.564421
3.569436
3.574461
3.579496
3.584540
3.589595
3.594660
3.599734
3.604817
3.609910
3.615012
3.620123
3.625243
3.630370
3.635506
3.640650
3.645800
3.650958
3.656123
3.661293
3.666469
3.671650
3.676836
3.682025
3.687218
3.692414
3.697611
3.702810
3.708010
3.713209
3.718407
3.723603
3.728796
3.733985
3.739169
3.744347
3.749518
3.754681
3.759834
3.764976
3.770106
3.775223
3.780324
3.785409
3.790476
3.795524
3.800550
3.805553
3.810532
3.815484
3.820407
3.825300
3.830161
3.834987
3.839776
3.844527
3.849236
3.853902
3.858522
3.863094
3.867616
3.872084
3.876496
3.880849
3.885141
3.889369
3.893531
3.897622
3.901641
3.905584
3.909448
3.913230
3.916928
3.920538
3.924056
3.927481
3.930808
3.934035
3.937158
3.940174
3.943080
3.945873
3.948550
3.951107
3.953543
3.955853
3.958035
3.960087
3.962005
3.963788
3.965432
3.966936
3.968298
3.969515
3.970587
3.971511
3.972287
3.972913
3.973390
3.973717
3.973893
3.973920
3.973799
3.973531
3.973118
3.972561
3.971865
3.971032
3.970067
3.968974
3.967758
3.966427
3.964986
3.963444
3.961808
3.960089
3.958296
3.956441
3.954536
3.952593
3.950628
3.948655
3.946690
3.944752
3.942858
3.941028
3.939283
3.937645
3.936136
3.934780
3.933603
3.932629
3.931886
3.931402
3.931203
3.931320
3.931780
3.932612
3.933847
3.935511
3.937633
3.940241
3.943360
3.947014
3.951226
3.956015
3.961398
3.967389
3.973997
3.981230
3.989087
3.997565
4.006656
4.016345
4.026612
4.037432
4.048772
4.060596
4.072859
4.085515
4.098509
4.111785
4.125280
4.138930
4.152668
4.166426
4.180135
4.193724
4.207125
4.220271
4.233097
4.245541
4.257544
4.269051
4.280010
4.290374
4.300101
4.309153
4.317495
4.325098
4.331935
4.337984
4.343226
4.347645
4.351228
4.353965
4.355848
4.356870
4.357027
4.356316
4.354738
4.352292
4.348981
4.344809
4.339783
4.333911
4.327202
4.319671
4.311333
4.302207
4.292316
4.281685
4.270344
4.258328
4.245675
4.232427
4.218631
4.204340
4.189607
4.174493
4.159058
4.143368
4.127491
4.111494
4.095448
4.079422
4.063483
4.047700
4.032137
4.016855
4.001911
3.987360
3.973249
3.959621
3.946514
3.933960
3.921983
3.910605
3.899840
3.889696
3.880177
3.871282
3.863004
3.855335
3.848260
3.841762
3.835822
3.830417
3.825524
3.821116
3.817166
3.813646
3.810529
3.807784
3.805382
3.803296
3.801496
3.799955
3.798644
3.797537
3.796609
3.795835
3.795189
3.794651
3.794198
3.793809
3.793464
3.793146
3.792837
3.792520
3.792180
3.791804
3.791378
3.790889
3.790327
3.789682
3.788943
3.788103
3.787155
3.786090
3.784903
3.783588
3.782142
3.780559
3.778836
3.776971
3.774961
3.772804
3.770499
3.768044
3.765440
3.762686
3.759783
3.756730
3.753529
3.750182
3.746688
3.743051
3.739272
3.735352
3.731295
3.727102
3.722776
3.718319
3.713735
3.709026
3.704195
3.699246
3.694180
3.689002
3.683714
3.678319
3.672821
3.667223
3.661528
3.655738
3.649858
3.643891
3.637839
3.631705
3.625494
3.619206
3.612847
3.606418
3.599922
3.593362
3.586742
3.580063
3.573329
3.566542
3.559704
3.552819
3.545888
3.538914
3.531899
3.524846
3.517756
3.510633
3.503477
3.496291
3.489077
3.481837
3.474572
3.467285
3.459977
3.452650
3.445305
3.437944
3.430568
3.423180
3.415779
3.408368
3.400948
3.393520
3.386085
3.378644
3.371199
3.363750
3.356299
3.348846
3.341393
3.333939
3.326487
3.319036
3.311587
3.304142
3.296700
3.289263
3.281831
3.274404
3.266983
3.259569
3.252161
3.244761
3.237369
3.229985
3.222609
3.215242
3.207885
3.200536
3.193197
3.185867
3.178548
3.171238
3.163939
3.156650
3.149372
3.142104
3.134846
3.127599
3.120363
3.113138
3.105923
3.098719
3.091526
3.084343
3.077170
3.070009
3.062857
3.055716
3.048586
3.041465
3.034354
3.027254
3.020163
3.013082
3.006010
2.998947
2.991894
2.984850
2.977815
2.970788
2.963770
2.956761
2.949759
2.942766
2.935780
2.928802
2.921831
2.914867
2.907910
2.900960
2.894017
2.887080
2.880149
2.873224
2.866305
2.859392
2.852483
2.845580
2.838682
2.831788
2.824899
2.818014
2.811133
2.804256
2.797383
2.790513
2.783646
2.776782
2.769921
2.763063
2.756207
2.749354
2.742502
2.735652
2.728804
2.721958
2.715112
2.708268
2.701425
2.694582
2.687740
2.680898
2.674057
2.667215
2.660374
2.653532
2.646690
2.639847
2.633003
2.626158
2.619313
2.612466
2.605618
2.598768
2.591916
2.585063
2.578208
2.571351
2.564491
2.557630
2.550766
2.543899
2.537029
2.530157
2.523282
2.516404
2.509523
2.502639
2.495751
2.488860
2.481965
2.475067
2.468165
2.461260
2.454350
2.447436
2.440519
2.433597
2.426671
2.419741
2.412807
2.405868
2.398925
2.391977
2.385024
2.378067
2.371105
2.364139
2.357168
2.350191
2.343210
2.336224
2.329233
2.322237
2.315236
2.308230
2.301218
2.294202
2.287180
2.280153
2.273120
2.266083
2.259040
2.251992
2.244938
2.237879
2.230815
2.223745
2.216670
2.209589
2.202503
2.195412
2.188315
2.181213
2.174105
2.166992
2.159873
2.152749
2.145619
2.138484
2.131344
2.124198
2.117047
2.109890
2.102728
2.095561
2.088388
2.081210
2.074026
2.066837
2.059643
2.052444
2.045239
2.038030
2.030815
2.023594
2.016369
2.009139
2.001903
1.994662
1.987417
1.980166
1.972910
1.965650
1.958384
1.951114
1.943839
1.936559
1.929274
1.921985
1.914691
1.907392
1.900088
1.892781
1.885468
1.878151
1.870830
1.863504
1.856174
1.848839
1.841501
1.834158
1.826811
1.819460
1.812104
1.804745
1.797382
1.790015
1.782644
1.775269
1.767891
1.760508
1.753122
1.745733
1.738340
1.730943
1.723543
1.716139
1.708733
1.701322
1.693909
1.686493
1.679073
1.671650
1.664224
1.656796
1.649364
1.641930
1.634493
1.627053
1.619610
1.612165
1.604717
1.597267
1.589814
1.582359
1.574901
1.567441
1.559980
1.552515
1.545049
1.537581
1.530111
1.522639
1.515165
1.507689
1.500212
1.492732
1.485252
1.477769
1.470285
1.462800
1.455313
1.447825
1.440336
1.432845
1.425354
1.417861
1.410367
1.402872
1.395376
1.387880
1.380382
1.372884
1.365385
1.357886
1.350386
1.342885
1.335384
1.327883
1.320381
1.312879
1.305377
1.297874
1.290372
1.282869
1.275366
1.267863
1.260361
1.252858
1.245356
1.237854
1.230352
1.222851
1.215350
1.207850
1.200350
1.192851
1.185352
1.177854
1.170356
1.162860
1.155364
1.147869
1.140375
1.132882
1.125391
1.117900
1.110410
1.102922
1.095434
1.087948
1.080463
1.072980
1.065498
1.058017
1.050538
1.043061
1.035585
1.028111
1.020638
1.013167
1.005698
0.998231
0.990765
0.983302
0.975840
0.968380
0.960922
0.953467
0.946013
0.938562
0.931112
0.923665
0.916220
0.908778
0.901337
0.893899
0.886464
0.879030
0.871600
0.864171
0.856746
0.849322
0.841902
0.834484
0.827068
0.819655
0.812245
0.804838
0.797434
0.790032
0.782633
0.775237
0.767844
0.760453
0.753066
0.745681
0.738300
0.730921
0.723546
0.716173
0.708804
0.701438
0.694075
0.686714
0.679358
0.672004
0.664653
0.657306
0.649962
0.642621
0.635284
0.627949
0.620618
0.613291
0.605966
0.598645
0.591328
0.584013
0.576703
0.569395
0.562091
0.554791
0.547493
0.540200
0.532909
0.525623
0.518339
0.511059
0.503783
0.496510
0.489241
0.481975
0.474713
0.467454
0.460199
0.452947
0.445699
0.438455
0.431214
0.423976
0.416742
0.409512
0.402285
0.395062
0.387843
0.380627
0.373414
0.366205
0.359000
0.351798
0.344600
0.337406
0.330215
0.323027
0.315843
0.308663
0.301486
0.294313
0.287144
0.279977
0.272815
0.265656
0.258500
0.251348
0.244200
0.237055
0.229914
0.222776
0.215641
0.208510
0.201383
0.194259
0.187139
0.180021
0.172908
0.165798
0.158691
0.151588
0.144488
0.137391
0.130298
0.123209
0.116122
0.109039
0.101960
0.094884
0.087811
0.080741
0.073675
0.066612
0.059552
0.052496
0.045443
0.038393
0.031347
0.024304
0.017264
0.010227
0.003193
-0.003837
-0.010864
-0.017888
-0.024909
-0.031926
-0.038941
-0.045952
-0.052960
-0.059965
-0.066967
-0.073965
-0.080961
-0.087954
-0.094943
-0.101929
-0.108912
-0.115893
-0.122870
-0.129844
-0.136814
-0.143782
-0.150747
-0.157709
-0.164668
-0.171623
-0.178576
-0.185526
-0.192472
-0.199416
-0.206356
-0.213294
-0.220228
-0.227160
-0.234088
-0.241014
-0.247936
-0.254856
-0.261772
-0.268686
-0.275596
-0.282503
-0.289408
-0.296309
-0.303207
-0.310102
-0.316994
-0.323883
-0.330769
-0.337652
-0.344532
-0.351409
-0.358282
-0.365153
-0.372020
-0.378884
-0.385745
-0.392603
-0.399458
-0.406309
-0.413157
-0.420002
-0.426844
-0.433682
-0.440517
-0.447349
-0.454177
-0.461003
-0.467824
-0.474642
-0.481457
-0.488269
-0.495077
-0.501881
-0.508682
-0.515479
-0.522273
-0.529063
-0.535849
-0.542631
-0.549410
-0.556185
-0.562957
-0.569724
-0.576488
-0.583248
-0.590003
-0.596755
-0.603503
-0.610246
-0.616986
-0.623721
-0.630452
-0.637179
-0.643902
-0.650620
-0.657334
-0.664044
-0.670749
-0.677449
-0.684145
-0.690837
-0.697523
-0.704205
-0.710882
-0.717555
-0.724222
-0.730885
-0.737542
-0.744195
-0.750843
-0.757485
-0.764122
-0.770754
-0.777381
-0.784002
-0.790618
-0.797228
-0.803833
-0.810432
-0.817026
-0.823614
-0.830196
-0.836772
-0.843343
-0.849908
-0.856467
-0.863019
-0.869566
-0.876107
-0.882641
-0.889169
-0.895691
-0.902207
-0.908716
-0.915219
-0.921716
-0.928206
-0.934689
-0.941166
-0.947637
-0.954100
-0.960557
-0.967008
-0.973451
-0.979888
-0.986318
-0.992742
-0.999158
-1.005568
-1.011971
-1.018367
-1.024756
-1.031138
-1.037513
-1.043882
-1.050244
-1.056599
-1.062947
-1.069288
-1.075623
-1.081950
-1.088272
-1.094586
-1.100894
-1.107196
-1.113491
-1.119780
-1.126062
-1.132339
-1.138609
-1.144873
-1.151132
-1.157385
-1.163632
-1.169874
-1.176110
-1.182341
-1.188568
-1.194789
-1.201007
-1.207219
-1.213428
-1.219633
-1.225835
-1.232033
-1.238228
-1.244420
-1.250610
-1.256798
-1.262985
-1.269170
-1.275354
-1.281538
-1.287722
-1.293906
-1.300091
-1.306278
-1.312467
-1.318658
-1.324852
-1.331051
-1.337253
-1.343461
-1.349675
-1.355896
-1.362123
-1.368359
-1.374604
-1.380859
-1.387125
-1.393403
-1.399693
-1.405997
-1.412317
-1.418652
-1.425005
-1.431376
-1.437767
-1.444179
-1.450614
-1.457073
-1.463557
-1.470069
-1.476609
-1.483179
-1.489781
-1.496418
-1.503090
-1.509800
-1.516550
-1.523342
-1.530177
-1.537059
-1.543990
-1.550972
-1.558007
-1.565098
-1.572248
-1.579459
-1.586735
-1.594077
-1.601490
-1.608977
-1.616539
-1.624182
-1.631908
-1.639720
-1.647622
-1.655619
-1.663713
-1.671908
-1.680209
-1.688620
-1.697144
-1.705786
-1.714550
-1.723441
-1.732463
-1.741621
-1.750919
-1.760362
-1.769956
-1.779704
-1.789612
-1.799684
-1.809927
-1.820344
-1.830941
-1.841724
-1.852696
-1.863864
-1.875233
-1.886807
-1.898592
-1.910593
-1.922814
-1.935261
-1.947938
-1.960850
-1.974001
-1.987396
-2.001039
-2.014933
-2.029084
-2.043493
-2.058164
-2.073101
-2.088305
-2.103780
-2.119526
-2.135546
-2.151841
-2.168410
-2.185255
-2.202374
-2.219768
-2.237434
-2.255371
-2.273575
-2.292045
-2.310776
-2.329763
-2.349001
-2.368486
-2.388209
-2.408164
-2.428343
-2.448738
-2.469339
-2.490136
-2.511119
-2.532275
-2.553594
-2.575063
-2.596668
-2.618395
-2.640230
-2.662157
-2.684162
-2.706229
-2.728340
-2.750479
-2.772628
-2.794771
-2.816889
-2.838964
-2.860978
-2.882913
-2.904751
-2.926472
-2.948059
-2.969493
-2.990757
-3.011831
-3.032699
-3.053343
-3.073745
-3.093890
-3.113759
-3.133338
-3.152610
-3.171561
-3.190175
-3.208439
-3.226339
-3.243861
-3.260994
-3.277725
-3.294043
-3.309937
-3.325397
-3.340413
-3.354976
-3.369076
-3.382707
-3.395861
-3.408530
-3.420708
-3.432389
-3.443567
-3.454237
-3.464394
-3.474035
-3.483154
-3.491749
-3.499816
-3.507352
-3.514355
-3.520822
-3.526752
-3.532142
-3.536991
-3.541298
-3.545062
-3.548283
-3.550959
-3.553090
-3.554676
-3.555718
-3.556215
-3.556169
-3.555580
-3.554449
-3.552777
-3.550566
-3.547817
-3.544533
-3.540716
-3.536369
-3.531494
-3.526095
-3.520175
-3.513739
-3.506791
-3.499335
-3.491377
-3.482922
-3.473977
-3.464548
-3.454642
-3.444267
-3.433431
-3.422142
-3.410411
-3.398246
-3.385657
-3.372657
-3.359255
-3.345465
-3.331298
-3.316769
-3.301890
-3.286676
-3.271141
-3.255301
-3.239171
-3.222767
-3.206107
-3.189207
-3.172083
-3.154754
-3.137238
-3.119552
-3.101715
-3.083745
-3.065660
-3.047479
-3.029220
-3.010902
-2.992543
-2.974160
-2.955773
-2.937397
-2.919051
-2.900752
-2.882515
-2.864358
-2.846295
-2.828342
-2.810513
-2.792822
-2.775283
-2.757907
-2.740708
-2.723696
-2.706883
-2.690278
-2.673890
-2.657729
-2.641801
-2.626115
-2.610677
-2.595492
-2.580566
-2.565904
-2.551508
-2.537383
-2.523531
-2.509954
-2.496654
-2.483630
-2.470885
-2.458417
-2.446226
-2.434311
-2.422671
-2.411304
-2.400206
-2.389377
-2.378813
-2.368511
-2.358467
-2.348677
-2.339139
-2.329847
-2.320797
-2.311985
-2.303406
-2.295056
-2.286930
-2.279022
-2.271328
-2.263843
-2.256562
-2.249479
-2.242589
-2.235888
-2.229371
-2.223031
-2.216865
-2.210866
-2.205031
-2.199354
-2.193831
-2.188456
-2.183225
-2.178134
-2.173177
-2.168351
-2.163650
-2.159071
-2.154609
-2.150260
-2.146021
-2.141887
-2.137855
-2.133920
-2.130079
-2.126329
-2.122666
-2.119086
-2.115588
-2.112166
-2.108819
-2.105543
-2.102335
-2.099193
-2.096114
-2.093095
-2.090134
-2.087229
-2.084376
-2.081573
-2.078820
-2.076112
-2.073449
-2.070827
-2.068247
-2.065704
-2.063198
-2.060727
-2.058290
-2.055884
-2.053508
-2.051161
-2.048842
-2.046548
-2.044279
-2.042033
-2.039809
-2.037607
-2.035424
-2.033260
-2.031114
-2.028984
-2.026871
-2.024772
-2.022688
-2.020617
-2.018558
-2.016512
-2.014476
-2.012450
-2.010435
-2.008428
-2.006430
-2.004440
-2.002458
-2.000482
-1.998512
-1.996549
-1.994591
-1.992638
-1.990690
-1.988746
-1.986806
-1.984870
-1.982937
-1.981007
-1.979080
-1.977156
-1.975233
-1.973313
-1.971394
-1.969477
-1.967561
-1.965647
-1.963734
-1.961821
-1.959909
-1.957998
-1.956088
-1.954177
-1.952267
-1.950358
-1.948448
-1.946539
-1.944629
-1.942720
-1.940810
-1.938900
-1.936990
-1.935080
-1.933170
-1.931259
-1.929348
-1.927437
-1.925526
-1.923615
-1.921703
-1.919791
-1.917879
-1.915966
-1.914054
-1.912142
-1.910229
-1.908317
-1.906404
-1.904492
-1.902579
-1.900667
-1.898755
-1.896844
-1.894933
-1.893022
-1.891112
-1.889202
-1.887293
-1.885384
-1.883477
-1.881570
-1.879664
-1.877759
-1.875855
-1.873952
-1.872051
-1.870151
-1.868252
-1.866354
-1.864458
-1.862564
-1.860671
-1.858781
-1.856892
-1.855004
-1.853119
-1.851237
-1.849356
-1.847477
-1.845601
-1.843727
-1.841856
-1.839988
-1.838122
-1.836259
-1.834398
-1.832541
-1.830687
-1.828835
-1.826987
-1.825143
-1.823301
-1.821463
-1.819628
-1.817797
-1.815970
-1.814146
-1.812326
-1.810510
-1.808698
-1.806890
-1.805085
-1.803286
-1.801490
-1.799698
-1.797911
-1.796129
-1.794351
-1.792577
-1.790808
-1.789044
-1.787285
-1.785530
-1.783780
-1.782035
-1.780296
-1.778561
-1.776831
-1.775107
-1.773388
-1.771674
-1.769965
-1.768262
-1.766565
-1.764872
-1.763186
-1.761505
-1.759830
-1.758160
-1.756496
-1.754839
-1.753186
-1.751540
-1.749900
-1.748266
-1.746638
-1.745016
-1.743400
-1.741790
-1.740186
-1.738589
-1.736998
-1.735413
-1.733835
-1.732263
-1.730698
-1.729139
-1.727586
-1.726040
-1.724501
-1.722968
-1.721442
-1.719923
-1.718410
-1.716904
-1.715405
-1.713912
-1.712427
-1.710948
-1.709476
-1.708011
-1.706553
-1.705102
-1.703658
-1.702221
-1.700790
-1.699367
-1.697951
-1.696542
-1.695141
-1.693746
-1.692359
-1.690978
-1.689605
-1.688239
-1.686881
-1.685529
-1.684185
-1.682849
-1.681519
-1.680197
-1.678882
-1.677575
-1.676275
-1.674982
-1.673697
-1.672420
-1.671149
-1.669887
-1.668631
-1.667384
-1.666143
-1.664911
-1.663686
-1.662468
-1.661258
-1.660056
-1.658862
-1.657675
-1.656495
-1.655324
-1.654160
-1.653003
-1.651855
-1.650714
-1.649581
-1.648456
-1.647339
-1.646229
-1.645127
-1.644034
-1.642948
-1.641870
-1.640799
-1.639737
-1.638683
-1.637636
-1.636598
-1.635568
-1.634545
-1.633531
-1.632525
-1.631527
-1.630537
-1.629555
-1.628581
-1.627615
-1.626658
-1.625709
-1.624768
-1.623835
-1.622911
-1.621995
-1.621087
-1.620187
-1.619296
-1.618414
-1.617540
-1.616674
-1.615817
-1.614968
-1.614128
-1.613297
-1.612474
-1.611659
-1.610854
-1.610057
-1.609269
-1.608489
-1.607719
-1.606957
-1.606204
-1.605460
-1.604725
-1.603999
-1.603282
-1.602574
-1.601875
-1.601186
-1.600505
-1.599834
-1.599172
-1.598519
-1.597875
-1.597241
-1.596617
-1.596002
-1.595396
-1.594800
-1.594213
-1.593637
-1.593070
-1.592512
-1.591965
-1.591427
-1.590899
-1.590382
-1.589874
-1.589376
-1.588889
-1.588411
-1.587944
-1.587487
-1.587041
-1.586605
-1.586179
-1.585764
-1.585360
-1.584966
-1.584583
-1.584211
-1.583850
-1.583499
-1.583160
-1.582832
-1.582514
-1.582209
-1.581914
-1.581630
-1.581359
-1.581098
-1.580849
-1.580612
-1.580386
-1.580173
-1.579971
-1.579781
-1.579603
-1.579438
-1.579284
-1.579143
-1.579014
-1.578898
-1.578794
-1.578703
-1.578625
-1.578559
-1.578506
-1.578467
-1.578440
-1.578427
-1.578427
-1.578440
-1.578467
-1.578507
-1.578561
-1.578629
-1.578710
-1.578806
-1.578916
-1.579040
-1.579178
-1.579330
-1.579497
-1.579679
-1.579875
-1.580087
-1.580313
-1.580554
-1.580810
-1.581082
-1.581369
-1.581672
-1.581990
-1.582324
-1.582674
-1.583040
-1.583422
-1.583820
-1.584234
-1.584665
-1.585113
-1.585577
-1.586059
-1.586557
-1.587072
-1.587605
-1.588155
-1.588723
-1.589308
-1.589911
-1.590532
-1.591171
-1.591828
-1.592504
-1.593198
-1.593910
-1.594642
-1.595392
-1.596162
-1.596951
-1.597759
-1.598586
-1.599433
-1.600300
-1.601187
-1.602094
-1.603022
-1.603969
-1.604938
-1.605927
-1.606937
-1.607968
-1.609020
-1.610093
-1.611188
-1.612305
-1.613444
-1.614604
-1.615787
-1.616992
-1.618220
-1.619470
-1.620744
-1.622040
-1.623359
-1.624702
-1.626068
-1.627458
-1.628872
-1.630310
-1.631772
-1.633259
-1.634770
-1.636306
-1.637867
-1.639453
-1.641065
-1.642702
-1.644364
-1.646053
-1.647767
-1.649508
-1.651275
-1.653069
-1.654890
-1.656738
-1.658613
-1.660515
-1.662445
-1.664403
-1.666388
-1.668402
-1.670445
-1.672515
-1.674615
-1.676744
-1.678902
-1.681089
-1.683306
-1.685552
-1.687829
-1.690136
-1.692473
-1.694841
-1.697240
-1.699669
-1.702130
-1.704623
-1.707147
-1.709703
-1.712291
-1.714912
-1.717565
-1.720251
-1.722970
-1.725722
-1.728508
-1.731327
-1.734180
-1.737067
-1.739989
-1.742945
-1.745936
-1.748962
-1.752023
-1.755120
-1.758253
-1.761421
-1.764626
-1.767867
-1.771145
-1.774459
-1.777811
-1.781201
-1.784628
-1.788093
-1.791596
-1.795137
-1.798717
-1.802336
-1.805995
-1.809692
-1.813430
-1.817207
-1.821024
-1.824882
-1.828781
-1.832721
-1.836702
-1.840724
-1.844788
-1.848895
-1.853044
-1.857235
-1.861469
-1.865747
-1.870068
-1.874433
-1.878842
-1.883295
-1.887793
-1.892336
-1.896924
-1.901558
-1.906238
-1.910963
-1.915736
-1.920555
-1.925421
-1.930335
-1.935297
-1.940306
-1.945364
-1.950471
-1.955627
-1.960833
-1.966088
-1.971394
-1.976750
-1.982156
-1.987614
-1.993124
-1.998686
-2.004300
-2.009966
-2.015686
-2.021459
-2.027286
-2.033168
-2.039104
-2.045095
-2.051142
-2.057245
-2.063403
-2.069619
-2.075892
-2.082223
-2.088611
-2.095059
-2.101565
-2.108130
-2.114756
-2.121442
-2.128189
-2.134997
-2.141867
-2.148800
-2.155795
-2.162854
-2.169976
-2.177163
-2.184415
-2.191733
-2.199117
-2.206567
-2.214085
-2.221670
-2.229324
-2.237046
-2.244838
-2.252701
-2.260634
-2.268638
-2.276715
-2.284864
-2.293086
-2.301383
-2.309754
-2.318200
-2.326723
-2.335322
-2.343998
-2.352753
-2.361586
-2.370499
-2.379492
-2.388566
-2.397722
-2.406961
-2.416283
-2.425689
-2.435180
-2.444756
-2.454419
-2.464169
-2.474008
-2.483935
-2.493953
-2.504060
-2.514260
-2.524552
-2.534937
-2.545416
-2.555990
-2.566660
-2.577427
-2.588292
-2.599255
-2.610318
-2.621482
-2.632747
-2.644114
-2.655585
-2.667160
-2.678840
-2.690627
-2.702520
-2.714522
-2.726633
-2.738854
-2.751186
-2.763630
-2.776188
-2.788859
-2.801645
-2.814547
-2.827566
-2.840703
-2.853959
-2.867335
-2.880831
-2.894450
-2.908191
-2.922056
-2.936045
-2.950160
-2.964402
-2.978770
-2.993268
-3.007894
-3.022650
-3.037538
-3.052557
-3.067709
-3.082994
-3.098414
-3.113968
-3.129659
-3.145486
-3.161450
-3.177553
-3.193794
-3.210174
-3.226694
-3.243355
-3.260158
-3.277102
-3.294188
-3.311417
-3.328789
-3.346304
-3.363964
-3.381768
-3.399717
-3.417811
-3.436050
-3.454435
-3.472965
-3.491641
-3.510463
-3.529430
-3.548544
-3.567803
-3.587208
-3.606759
-3.626455
-3.646296
-3.666283
-3.686414
-3.706689
-3.727108
-3.747671
-3.768376
-3.789224
-3.810213
-3.831344
-3.852614
-3.874025
-3.895574
-3.917261
-3.939085
-3.961045
-3.983140
-4.005369
-4.027731
-4.050224
-4.072848
-4.095602
-4.118483
-4.141491
-4.164625
-4.187882
-4.211261
-4.234762
-4.258382
-4.282120
-4.305973
-4.329942
-4.354023
-4.378215
-4.402516
-4.426925
-4.451439
-4.476057
-4.500777
-4.525596
-4.550514
-4.575526
-4.600633
-4.625831
-4.651118
-4.676492
-4.701951
-4.727492
-4.753113
-4.778812
-4.804586
-4.830432
-4.856347
-4.882330
-4.908377
-4.934485
-4.960651
-4.986873
-5.013145
-5.039467
-5.065832
-5.092239
-5.118682
-5.145159
-5.171664
-5.198193
-5.224741
-5.251303
-5.277874
-5.304448
-5.331019
-5.357581
-5.384127
-5.410650
-5.437142
-5.463596
-5.490002
-5.516352
-5.542637
-5.568845
-5.594966
-5.620990
-5.646902
-5.672692
-5.698344
-5.723846
-5.749180
-5.774332
-5.799284
-5.824019
-5.848517
-5.872759
-5.896724
-5.920391
-5.943735
-5.966734
-5.989363
-6.011595
-6.033404
-6.054763
-6.075641
-6.096011
-6.115841
-6.135101
-6.153759
-6.171784
-6.189142
-6.205802
-6.221732
-6.236901
-6.251277
-6.264830
-6.277532
-6.289357
-6.300278
-6.310275
-6.319328
-6.327420
-6.334540
-6.340680
-6.345836
-6.350010
-6.353209
-6.355445
-6.356736
-6.357107
-6.356588
-6.355214
-6.353027
-6.350074
-6.346406
-6.342081
-6.337158
-6.331701
-6.325774
-6.319447
-6.312787
-6.305862
-6.298741
-6.291490
-6.284172
-6.276850
-6.269581
-6.262420
-6.255418
-6.248621
-6.242071
-6.235806
-6.229859
-6.224261
-6.219036
-6.214207
-6.209793
-6.205809
-6.202268
-6.199179
-6.196552
-6.194393
-6.192704
-6.191490
-6.190750
-6.190484
-6.190689
-6.191362
-6.192495
-6.194082
-6.196112
-6.198572
-6.201447
-6.204717
-6.208361
-6.212353
-6.216664
-6.221260
-6.226103
-6.231151
-6.236358
-6.241673
-6.247041
-6.252405
-6.257703
-6.262870
-6.267841
-6.272547
-6.276921
-6.280894
-6.284398
-6.287367
-6.289739
-6.291453
-6.292453
-6.292687
-6.292108
-6.290675
-6.288351
-6.285107
-6.280918
-6.275767
-6.269641
-6.262533
-6.254441
-6.245369
-6.235324
-6.224320
-6.212371
-6.199498
-6.185722
-6.171068
-6.155564
-6.139237
-6.122118
-6.104237
-6.085626
-6.066317
-6.046342
-6.025734
-6.004524
-5.982744
-5.960425
-5.937596
-5.914289
-5.890530
-5.866349
-5.841771
-5.816824
-5.791531
-5.765916
-5.740003
-5.713813
-5.687367
-5.660685
-5.633785
-5.606686
-5.579405
-5.551957
-5.524357
-5.496622
-5.468763
-5.440794
-5.412726
-5.384573
-5.356343
-5.328048
-5.299697
-5.271298
-5.242862
-5.214395
-5.185905
-5.157399
-5.128885
-5.100368
-5.071854
-5.043349
-5.014858
-4.986387
-4.957941
-4.929522
-4.901138
-4.872790
-4.844483
-4.816222
-4.788009
-4.759847
-4.731741
-4.703694
-4.675708
-4.647786
-4.619932
-4.592147
-4.564436
-4.536799
-4.509241
-4.481763
-4.454367
-4.427057
-4.399833
-4.372700
-4.345658
-4.318710
-4.291858
-4.265104
-4.238450
-4.211898
-4.185450
-4.159108
-4.132874
-4.106749
-4.080736
-4.054836
-4.029051
-4.003382
-3.977831
-3.952400
-3.927091
-3.901904
-3.876841
-3.851904
-3.827094
-3.802412
-3.777861
-3.753439
-3.729151
-3.704995
-3.680974
-3.657088
-3.633338
-3.609726
-3.586252
-3.562918
-3.539723
-3.516669
-3.493757
-3.470986
-3.448358
-3.425874
-3.403534
-3.381337
-3.359286
-3.337379
-3.315618
-3.294002
-3.272533
-3.251209
-3.230032
-3.209001
-3.188116
-3.167378
-3.146785
-3.126339
-3.106039
-3.085886
-3.065877
-3.046014
-3.026297
-3.006724
-2.987296
-2.968011
-2.948871
-2.929873
-2.911019
-2.892306
-2.873736
-2.855306
-2.837017
-2.818867
-2.800857
-2.782986
-2.765252
-2.747655
-2.730195
-2.712870
-2.695680
-2.678624
-2.661701
-2.644910
-2.628251
-2.611722
-2.595324
-2.579054
-2.562911
-2.546896
-2.531007
-2.515244
-2.499604
-2.484088
-2.468694
-2.453421
-2.438269
-2.423236
-2.408322
-2.393525
-2.378844
-2.364280
-2.349829
-2.335493
-2.321269
-2.307157
-2.293155
-2.279263
-2.265480
-2.251804
-2.238235
-2.224772
-2.211414
-2.198160
-2.185009
-2.171960
-2.159012
-2.146165
-2.133416
-2.120766
-2.108213
-2.095757
-2.083397
-2.071131
-2.058959
-2.046880
-2.034893
-2.022998
-2.011193
-1.999477
-1.987851
-1.976312
-1.964860
-1.953495
-1.942215
-1.931020
-1.919909
-1.908881
-1.897936
-1.887072
-1.876289
-1.865586
-1.854963
-1.844418
-1.833952
-1.823563
-1.813250
-1.803014
-1.792853
-1.782766
-1.772753
-1.762814
-1.752948
-1.743153
-1.733430
-1.723778
-1.714196
-1.704684
-1.695241
-1.685866
-1.676559
-1.667319
-1.658146
-1.649040
-1.639999
-1.631023
-1.622112
-1.613265
-1.604482
-1.595761
-1.587104
-1.578508
-1.569974
-1.561501
-1.553089
-1.544736
-1.536444
-1.528211
-1.520037
-1.511921
-1.503863
-1.495862
-1.487919
-1.480032
-1.472201
-1.464427
-1.456707
-1.449043
-1.441434
-1.433878
-1.426377
-1.418929
-1.411534
-1.404192
-1.396902
-1.389664
-1.382478
-1.375343
-1.368259
-1.361226
-1.354242
-1.347309
-1.340426
-1.333591
-1.326805
-1.320068
-1.313380
-1.306739
-1.300146
-1.293600
-1.287101
-1.280649
-1.274243
-1.267883
-1.261569
-1.255300
-1.249077
-1.242899
-1.236765
-1.230675
-1.224630
-1.218628
-1.212670
-1.206755
-1.200882
-1.195053
-1.189266
-1.183521
-1.177817
-1.172156
-1.166535
-1.160956
-1.155418
-1.149920
-1.144462
-1.139044
-1.133666
-1.128328
-1.123029
-1.117768
-1.112547
-1.107364
-1.102220
-1.097113
-1.092044
-1.087013
-1.082019
-1.077062
-1.072142
-1.067259
-1.062412
-1.057601
-1.052826
-1.048087
-1.043383
-1.038715
-1.034081
-1.029483
-1.024918
-1.020389
-1.015893
-1.011431
-1.007003
-1.002608
-0.998247
-0.993918
-0.989623
-0.985360
-0.981129
-0.976931
-0.972764
-0.968629
-0.964526
-0.960454
-0.956414
-0.952404
-0.948425
-0.944476
-0.940558
-0.936670
-0.932812
-0.928983
-0.925185
-0.921415
-0.917674
-0.913963
-0.910280
-0.906626
-0.903000
-0.899402
-0.895832
-0.892290
-0.888776
-0.885289
-0.881829
-0.878396
-0.874990
-0.871611
-0.868258
-0.864932
-0.861631
-0.858357
-0.855108
-0.851885
-0.848687
-0.845515
-0.842368
-0.839245
-0.836147
-0.833074
-0.830025
-0.827000
-0.823999
-0.821022
-0.818069
-0.815139
-0.812233
-0.809349
-0.806489
-0.803652
-0.800837
-0.798045
-0.795275
-0.792528
-0.789802
-0.787099
-0.784417
-0.781756
-0.779118
-0.776500
-0.773904
-0.771328
-0.768774
-0.766240
-0.763727
-0.761234
-0.758761
-0.756308
-0.753876
-0.751463
-0.749070
-0.746696
-0.744342
-0.742007
-0.739691
-0.737394
-0.735116
-0.732857
-0.730616
-0.728394
-0.726190
-0.724005
-0.721837
-0.719687
-0.717555
-0.715441
-0.713344
-0.711265
-0.709203
-0.707159
-0.705131
-0.703120
-0.701127
-0.699149
-0.697189
-0.695245
-0.693317
-0.691406
-0.689511
-0.687632
-0.685768
-0.683921
-0.682089
-0.680273
-0.678473
-0.676687
-0.674917
-0.673163
-0.671423
-0.669699
-0.667989
-0.666294
-0.664614
-0.662948
-0.661297
-0.659660
-0.658038
-0.656430
-0.654836
-0.653256
-0.651690
-0.650137
-0.648599
-0.647074
-0.645563
-0.644066
-0.642582
-0.641111
-0.639653
-0.638209
-0.636778
-0.635360
-0.633955
-0.632563
-0.631183
-0.629816
-0.628462
-0.627121
-0.625792
-0.624476
-0.623172
-0.621880
-0.620600
-0.619333
-0.618078
-0.616835
-0.615604
-0.614384
-0.613177
-0.611981
-0.610798
-0.609626
-0.608465
-0.607316
-0.606179
-0.605053
-0.603938
-0.602835
-0.601743
-0.600662
-0.599592
-0.598534
-0.597487
-0.596450
-0.595425
-0.594411
-0.593407
-0.592415
-0.591433
-0.590462
-0.589501
-0.588552
-0.587613
-0.586684
-0.585766
-0.584859
-0.583962
-0.583075
-0.582199
-0.581334
-0.580478
-0.579633
-0.578798
-0.577973
-0.577159
-0.576354
-0.575560
-0.574776
-0.574002
-0.573238
-0.572483
-0.571739
-0.571005
-0.570281
-0.569566
-0.568861
-0.568167
-0.567482
-0.566806
-0.566141
-0.565485
-0.564839
-0.564202
-0.563576
-0.562958
-0.562351
-0.561753
-0.561165
-0.560586
-0.560016
-0.559456
-0.558906
-0.558365
-0.557834
-0.557311
-0.556799
-0.556296
-0.555802
-0.555317
-0.554842
-0.554376
-0.553919
-0.553472
-0.553034
-0.552605
-0.552185
-0.551775
-0.551374
-0.550982
-0.550599
-0.550225
-0.549861
-0.549505
-0.549159
-0.548822
-0.548494
-0.548175
-0.547865
-0.547564
-0.547272
-0.546989
-0.546715
-0.546450
-0.546194
-0.545947
-0.545709
-0.545480
-0.545260
-0.545048
-0.544846
-0.544652
-0.544468
-0.544292
-0.544125
-0.543966
-0.543817
-0.543676
-0.543544
-0.543421
-0.543307
-0.543201
-0.543104
-0.543015
-0.542935
-0.542864
-0.542801
-0.542747
-0.542702
-0.542665
-0.542637
-0.542617
-0.542605
-0.542603
-0.542608
-0.542622
-0.542644
-0.542675
-0.542714
-0.542761
-0.542817
-0.542881
-0.542953
-0.543033
-0.543121
-0.543218
-0.543323
-0.543436
-0.543556
-0.543685
-0.543822
-0.543967
-0.544119
-0.544280
-0.544448
-0.544624
-0.544808
-0.545000
-0.545199
-0.545406
-0.545620
-0.545843
-0.546072
-0.546309
-0.546553
-0.546805
-0.547064
-0.547331
-0.547604
-0.547885
-0.548173
-0.548468
-0.548769
-0.549078
-0.549394
-0.549716
-0.550045
-0.550381
-0.550724
-0.551073
-0.551429
-0.551791
-0.552159
-0.552534
-0.552915
-0.553302
-0.553695
-0.554094
-0.554499
-0.554910
-0.555327
-0.555749
-0.556177
-0.556611
-0.557049
-0.557494
-0.557943
-0.558398
-0.558858
-0.559322
-0.559792
-0.560266
-0.560745
-0.561229
-0.561717
-0.562210
-0.562706
-0.563207
-0.563712
-0.564221
-0.564734
-0.565251
-0.565771
-0.566294
-0.566821
-0.567351
-0.567884
-0.568421
-0.568960
-0.569501
-0.570046
-0.570593
-0.571142
-0.571693
-0.572246
-0.572801
-0.573358
-0.573916
-0.574476
-0.575037
-0.575600
-0.576163
-0.576727
-0.577291
-0.577856
-0.578421
-0.578987
-0.579552
-0.580117
-0.580681
-0.581245
-0.581808
-0.582370
-0.582931
-0.583490
-0.584047
-0.584603
-0.585157
-0.585708
-0.586257
-0.586803
-0.587346
-0.587886
-0.588422
-0.588955
-0.589484
-0.590008
-0.590529
-0.591044
-0.591554
-0.592059
-0.592559
-0.593052
-0.593539
-0.594020
-0.594494
-0.594961
-0.595421
-0.595873
-0.596316
-0.596751
-0.597178
-0.597595
-0.598002
-0.598400
-0.598787
-0.599163
-0.599529
-0.599882
-0.600224
-0.600553
-0.600869
-0.601172
-0.601461
-0.601735
-0.601994
-0.602238
-0.602466
-0.602677
-0.602871
-0.603047
-0.603205
-0.603344
-0.603463
-0.603561
-0.603639
-0.603695
-0.603728
-0.603738
-0.603724
-0.603686
-0.603621
-0.603530
-0.603412
-0.603265
-0.603089
-0.602883
-0.602645
-0.602376
-0.602072
-0.601735
-0.601362
-0.600952
-0.600504
-0.600016
-0.599488
-0.598919
-0.598305
-0.597648
-0.596944
-0.596192
-0.595391
-0.594539
-0.593634
-0.592675
-0.591660
-0.590587
-0.589454
-0.588259
-0.587000
-0.585675
-0.584282
-0.582818
-0.581281
-0.579670
-0.577980
-0.576211
-0.574359
-0.572421
-0.570395
-0.568278
-0.566067
-0.563759
-0.561351
-0.558839
-0.556221
-0.553492
-0.550650
-0.547691
-0.544611
-0.541407
-0.538074
-0.534609
-0.531007
-0.527265
-0.523378
-0.519342
-0.515153
-0.510805
-0.506295
-0.501618
-0.496769
-0.491743
-0.486535
-0.481141
-0.475555
-0.469772
-0.463787
-0.457596
-0.451191
-0.444570
-0.437725
-0.430652
-0.423346
-0.415801
-0.408012
-0.399975
-0.391682
-0.383131
-0.374316
-0.365231
-0.355872
-0.346235
-0.336315
-0.326108
-0.315609
-0.304815
-0.293723
-0.282328
-0.270629
-0.258621
-0.246304
-0.233674
-0.220731
-0.207473
-0.193899
-0.180010
-0.165805
-0.151285
-0.136452
-0.121307
-0.105854
-0.090094
-0.074033
-0.057673
-0.041021
-0.024083
-0.006863
0.010629
0.028388
0.046403
0.064666
0.083168
0.101896
0.120840
0.139989
0.159329
0.178847
0.198530
0.218362
0.238330
0.258417
0.278607
0.298884
0.319232
0.339632
0.360069
0.380522
0.400976
0.421411
0.441810
0.462153
0.482423
0.502601
0.522669
0.542609
0.562403
0.582033
0.601482
0.620732
0.639767
0.658569
0.677124
0.695415
0.713428
0.731147
0.748559
0.765649
0.782406
0.798815
0.814866
0.830546
0.845846
0.860755
0.875262
0.889359
0.903038
0.916290
0.929107
0.941483
0.953411
0.964885
0.975899
0.986448
0.996527
1.006133
1.015261
1.023907
1.032068
1.039742
1.046925
1.053616
1.059812
1.065512
1.070713
1.075416
1.079619
1.083321
1.086521
1.089220
1.091417
1.093112
1.094305
1.094998
1.095191
1.094885
1.094081
1.092780
1.090985
1.088697
1.085920
1.082654
1.078904
1.074672
1.069962
1.064778
1.059125
1.053007
1.046429
1.039397
1.031918
1.023997
1.015641
1.006859
0.997658
0.988048
0.978036
0.967633
0.956849
0.945695
0.934183
0.922324
0.910130
0.897616
0.884794
0.871680
0.858286
0.844629
0.830724
0.816588
0.802236
0.787686
0.772954
0.758059
0.743018
0.727849
0.712570
0.697199
0.681755
0.666256
0.650721
0.635167
0.619613
0.604078
0.588578
0.573131
0.557754
0.542465
0.527279
0.512213
0.497283
0.482502
0.467886
0.453448
0.439202
0.425161
0.411335
0.397737
0.384377
0.371266
0.358411
0.345823
0.333508
0.321474
0.309727
0.298273
0.287117
0.276263
0.265716
0.255477
0.245551
0.235938
0.226640
0.217658
0.208993
0.200642
0.192608
0.184887
0.177478
0.170380
0.163590
0.157106
0.150924
0.145040
0.139453
0.134157
0.129148
0.124423
0.119977
0.115805
0.111903
0.108265
0.104887
0.101763
0.098889
0.096259
0.093868
0.091711
0.089783
0.088078
0.086591
0.085316
0.084249
0.083385
0.082718
0.082242
0.081954
0.081848
0.081920
0.082164
0.082575
0.083149
0.083882
0.084769
0.085806
0.086987
0.088310
0.089769
0.091362
0.093083
0.094929
0.096897
0.098982
0.101182
0.103492
0.105909
0.108430
0.111052
0.113771
0.116585
0.119491
0.122485
0.125566
0.128730
0.131974
0.135297
0.138696
0.142168
0.145711
0.149323
0.153002
0.156745
0.160550
0.164417
0.168341
0.172323
0.176360
0.180450
0.184591
0.188783
0.193023
0.197310
0.201642
0.206018
0.210437
0.214898
0.219398
0.223937
0.228513
0.233126
0.237774
0.242456
0.247171
0.251918
0.256696
0.261504
0.266342
0.271207
0.276100
0.281019
0.285964
0.290934
0.295928
0.300945
0.305985
0.311047
0.316129
0.321233
0.326356
0.331499
0.336660
0.341840
0.347036
0.352250
0.357480
0.362727
0.367988
0.373264
0.378555
0.383860
0.389178
0.394509
0.399853
0.405209
0.410576
0.415955
0.421345
0.426746
0.432156
0.437577
0.443007
0.448446
0.453895
0.459351
0.464816
0.470289
0.475769
0.481257
0.486751
0.492252
0.497760
0.503274
0.508794
0.514319
0.519850
0.525386
0.530926
0.536472
0.542022
0.547576
0.553134
0.558695
0.564261
0.569829
0.575401
0.580976
0.586553
0.592133
0.597715
0.603300
0.608886
0.614474
0.620064
0.625655
0.631248
0.636841
0.642436
0.648031
0.653627
0.659224
0.664821
0.670418
0.676015
0.681612
0.687208
0.692805
0.698401
0.703996
0.709590
0.715184
0.720776
0.726367
0.731957
0.737546
0.743133
0.748719
0.754303
0.759885
0.765465
0.771043
0.776619
0.782192
0.787763
0.793332
0.798899
0.804462
0.810023
0.815581
0.821137
0.826689
0.832238
0.837784
0.843327
0.848866
0.854402
0.859935
0.865464
0.870990
0.876512
0.882030
0.887544
0.893055
0.898561
0.904064
0.909562
0.915057
0.920547
0.926033
0.931515
0.936992
0.942465
0.947934
0.953398
0.958858
0.964313
0.969763
0.975209
0.980651
0.986087
0.991519
0.996946
1.002368
1.007785
1.013197
1.018605
1.024007
1.029404
1.034797
1.040184
1.045566
1.050944
1.056316
1.061682
1.067044
1.072401
1.077752
1.083098
1.088439
1.093775
1.099105
1.104431
1.109750
1.115065
1.120374
1.125678
1.130977
1.136270
1.141558
1.146841
1.152118
1.157390
1.162656
1.167917
1.173173
1.178423
1.183669
1.188908
1.194143
1.199372
1.204595
1.209813
1.215026
1.220234
1.225436
1.230633
1.235825
1.241011
1.246192
1.251367
1.256538
1.261703
1.266863
1.272017
1.277167
1.282311
1.287450
1.292583
1.297712
1.302835
1.307953
1.313066
1.318174
1.323277
1.328374
1.333467
1.338555
1.343637
1.348714
1.353787
1.358854
1.363917
1.368974
1.374027
1.379074
1.384117
1.389155
1.394188
1.399216
1.404240
1.409258
1.414272
1.419281
1.424285
1.429285
1.434280
1.439270
1.444256
1.449237
1.454213
1.459185
1.464153
1.469115
1.474074
1.479027
1.483977
1.488922
1.493862
1.498798
1.503730
1.508658
1.513581
1.518500
1.523414
1.528324
1.533230
1.538132
1.543030
1.547924
1.552813
1.557698
1.562579
1.567457
1.572330
1.577199
1.582064
1.586925
1.591782
1.596636
1.601485
1.606330
1.611172
1.616010
1.620844
1.625674
1.630500
1.635323
1.640142
1.644957
1.649768
1.654576
1.659380
1.664181
1.668978
1.673771
1.678561
1.683347
1.688129
1.692909
1.697684
1.702456
1.707225
1.711990
1.716752
1.721510
1.726265
1.731017
1.735765
1.740510
1.745252
1.749990
1.754725
1.759457
1.764185
1.768910
1.773632
1.778351
1.783067
1.787779
1.792488
1.797194
1.801897
1.806597
1.811293
1.815987
1.820677
1.825364
1.830048
1.834730
1.839408
1.844083
1.848755
1.853423
1.858089
1.862752
1.867412
1.872069
1.876723
1.881374
1.886022
1.890667
1.895309
1.899948
1.904584
1.909217
1.913848
1.918475
1.923100
1.927721
1.932340
1.936956
1.941568
1.946178
1.950786
1.955390
1.959991
1.964590
1.969185
1.973778
1.978368
1.982955
1.987539
1.992120
1.996698
2.001274
2.005846
2.010416
2.014983
2.019547
2.024108
2.028667
2.033222
2.037775
2.042325
2.046872
2.051416
2.055957
2.060495
2.065031
2.069563
2.074093
2.078620
2.083144
2.087665
2.092183
2.096698
2.101210
2.105720
2.110226
2.114730
2.119231
2.123728
2.128223
2.132715
2.137204
2.141690
2.146174
2.150654
2.155131
2.159605
2.164076
2.168545
2.173010
2.177472
2.181932
2.186388
2.190841
2.195292
2.199739
2.204183
2.208625
2.213063
2.217498
2.221930
2.226359
2.230785
2.235208
2.239627
2.244044
2.248458
2.252868
2.257275
2.261680
2.266081
2.270479
2.274873
2.279265
2.283653
2.288039
2.292421
2.296799
2.301175
2.305548
2.309917
2.314283
2.318646
2.323005
2.327362
2.331715
2.336064
2.340411
2.344754
2.349094
2.353431
2.357764
2.362095
2.366421
2.370745
2.375065
2.379382
2.383696
2.388006
2.392313
2.396616
2.400916
2.405213
2.409507
2.413797
2.418084
2.422367
2.426647
2.430924
2.435197
2.439467
2.443734
2.447997
2.452257
2.456513
2.460767
2.465016
2.469263
2.473506
2.477745
2.481982
2.486214
2.490444
2.494670
2.498893
2.503112
2.507329
2.511541
2.515751
2.519957
2.524160
2.528359
2.532556
2.536749
2.540938
2.545125
2.549308
2.553488
2.557665
2.561838
2.566008
2.570175
2.574339
2.578500
2.582658
2.586812
2.590964
2.595112
2.599257
2.603400
2.607539
2.611675
2.615809
2.619939
2.624066
2.628191
2.632313
2.636432
2.640548
2.644661
2.648772
2.652880
2.656985
2.661088
2.665188
2.669286
2.673381
2.677474
2.681564
2.685652
2.689738
2.693821
2.697903
2.701982
2.706059
2.710133
2.714206
2.718277
2.722346
2.726414
2.730479
2.734543
2.738605
2.742666
2.746725
2.750782
2.754839
2.758894
2.762948
2.767001
2.771052
2.775103
2.779153
2.783202
2.787251
2.791298
2.795346
2.799393
2.803439
2.807486
2.811532
2.815578
2.819625
2.823671
2.827718
2.831766
2.835813
2.839862
2.843911
2.847962
2.852013
2.856066
2.860120
2.864175
2.868232
2.872290
2.876351
2.880413
2.884478
2.888545
2.892615
2.896687
2.900762
2.904840
2.908921
2.913005
2.917093
2.921184
2.925280
2.929379
2.933483
2.937591
2.941703
2.945821
2.949943
2.954071
2.958204
2.962342
2.966487
2.970638
2.974794
2.978958
2.983128
2.987305
2.991489
2.995681
2.999881
3.004088
3.008304
3.012528
3.016761
3.021003
3.025254
3.029514
3.033785
3.038065
3.042356
3.046658
3.050971
3.055294
3.059630
3.063977
3.068337
3.072708
3.077093
3.081491
3.085902
3.090327
3.094766
3.099220
3.103688
3.108172
3.112670
3.117185
3.121716
3.126263
3.130828
3.135409
3.140008
3.144625
3.149261
3.153915
3.158588
3.163281
3.167994
3.172727
3.177480
3.182255
3.187051
3.191869
3.196710
3.201573
3.206459
3.211369
3.216302
3.221260
3.226243
3.231251
3.236285
3.241345
3.246431
3.251544
3.256685
3.261853
3.267049
3.272275
3.277529
3.282813
3.288127
3.293472
3.298847
3.304254
3.309693
3.315164
3.320668
3.326205
3.331776
3.337381
3.343021
3.348696
3.354406
3.360153
3.365936
3.371756
3.377613
3.383509
3.389443
3.395416
3.401428
3.407481
3.413574
3.419708
3.425883
3.432101
3.438361
3.444664
3.451011
3.457402
3.463837
3.470318
3.476844
3.483417
3.490037
3.496705
3.503420
3.510185
3.516998
3.523862
3.530776
3.537742
3.544759
3.551829
3.558953
3.566130
3.573363
3.580651
3.587995
3.595396
3.602855
3.610373
3.617950
3.625588
3.633287
3.641049
3.648873
3.656762
3.664716
3.672736
3.680824
3.688979
3.697204
3.705500
3.713868
3.722308
3.730822
3.739412
3.748078
3.756823
3.765646
3.774550
3.783536
3.792606
3.801760
3.811000
3.820328
3.829745
3.839253
3.848853
3.858546
3.868335
3.878220
3.888203
3.898285
3.908468
3.918754
3.929143
3.939637
3.950238
3.960946
3.971763
3.982689
3.993727
4.004876
4.016138
4.027513
4.039003
4.050606
4.062325
4.074158
4.086106
4.098169
4.110346
4.122637
4.135042
4.147558
4.160184
4.172921
4.185764
4.198713
4.211765
4.224918
4.238168
4.251512
4.264947
4.278469
4.292074
4.305756
4.319512
4.333336
4.347223
4.361166
4.375160
4.389197
4.403272
4.417376
4.431503
4.445645
4.459794
4.473941
4.488078
4.502196
4.516286
4.530340
4.544347
4.558299
4.572186
4.585999
4.599727
4.613361
4.626891
4.640307
4.653600
4.666760
4.679778
4.692644
4.705348
4.717881
4.730235
4.742401
4.754369
4.766132
4.777681
4.789009
4.800107
4.810968
4.821586
4.831952
4.842062
4.851907
4.861483
4.870784
4.879804
4.888539
4.896982
4.905131
4.912980
4.920526
4.927765
4.934693
4.941307
4.947605
4.953584
4.959240
4.964572
4.969578
4.974256
4.978603
4.982619
4.986302
4.989651
4.992664
4.995341
4.997682
4.999684
5.001348
5.002674
5.003660
5.004308
5.004616
5.004585
5.004214
5.003505
5.002458
5.001073
4.999350
4.997291
4.994897
4.992168
4.989106
4.985712
4.981987
4.977934
4.973554
4.968849
4.963822
4.958475
4.952810
4.946832
4.940542
4.933944
4.927043
4.919841
4.912343
4.904554
4.896479
4.888122
4.879488
4.870585
4.861416
4.851990
4.842311
4.832388
4.822227
4.811835
4.801221
4.790391
4.779355
4.768121
4.756697
4.745092
4.733315
4.721376
4.709283
4.697046
4.684675
4.672179
4.659568
4.646851
4.634039
4.621141
4.608167
4.595126
4.582028
4.568882
4.555697
4.542483
4.529249
4.516002
4.502752
4.489507
4.476275
4.463064
4.449880
4.436732
4.423625
4.410567
4.397563
4.384619
4.371742
4.358935
4.346205
4.333555
4.320989
4.308512
4.296127
4.283837
4.271645
4.259554
4.247566
4.235682
4.223906
4.212237
4.200678
4.189230
4.177892
4.166667
4.155553
4.144551
4.133662
4.122885
4.112219
4.101664
4.091220
4.080885
4.070660
4.060542
4.050531
4.040626
4.030825
4.021127
4.011532
4.002037
3.992641
3.983342
3.974140
3.965033
3.956019
3.947096
3.938264
3.929521
3.920864
3.912294
3.903807
3.895404
3.887081
3.878838
3.870674
3.862587
3.854575
3.846638
3.838773
3.830980
3.823258
3.815604
3.808019
3.800500
3.793047
3.785658
3.778332
3.771069
3.763867
3.756725
3.749642
3.742618
3.735651
3.728740
3.721884
3.715083
3.708336
3.701642
3.694999
3.688408
3.681868
3.675377
3.668935
3.662541
3.656195
3.649896
3.643643
3.637435
3.631272
3.625154
3.619079
3.613047
3.607057
3.601109
3.595202
3.589336
3.583509
3.577722
3.571974
3.566264
3.560592
3.554957
3.549359
3.543797
3.538270
3.532778
3.527321
3.521898
3.516508
3.511151
3.505827
3.500534
3.495273
3.490043
3.484844
3.479674
3.474533
3.469422
3.464339
3.459284
3.454257
3.449256
3.444282
3.439334
3.434412
3.429514
3.424641
3.419793
3.414968
3.410166
3.405387
3.400630
3.395895
3.391181
3.386488
3.381815
3.377163
3.372530
3.367916
3.363321
3.358743
3.354184
3.349642
3.345117
3.340608
3.336115
3.331638
3.327176
3.322729
3.318296
3.313877
3.309472
3.305080
3.300700
3.296333
3.291978
3.287634
3.283302
3.278980
3.274669
3.270367
3.266076
3.261793
3.257520
3.253255
3.248998
3.244749
3.240508
3.236274
3.232046
3.227825
3.223611
3.219402
3.215199
3.211000
3.206807
3.202618
3.198434
3.194253
3.190076
3.185903
3.181733
3.177565
3.173400
3.169237
3.165076
3.160917
3.156759
3.152602
3.148446
3.144291
3.140136
3.135982
3.131827
3.127672
3.123516
3.119360
3.115203
3.111044
3.106884
3.102722
3.098558
3.094393
3.090225
3.086054
3.081881
3.077705
3.073525
3.069343
3.065157
3.060968
3.056774
3.052577
3.048376
3.044170
3.039960
3.035745
3.031526
3.027301
3.023072
3.018837
3.014597
3.010351
3.006100
3.001843
2.997580
2.993312
2.989037
2.984755
2.980468
2.976174
2.971873
2.967565
2.963251
2.958930
2.954602
2.950266
2.945924
2.941574
2.937217
2.932852
2.928480
2.924100
2.919712
2.915316
2.910913
2.906501
2.902082
2.897654
2.893219
2.888775
2.884322
2.879862
2.875392
2.870915
2.866429
2.861934
2.857431
2.852919
2.848398
2.843869
2.839330
2.834783
2.830227
2.825662
2.821088
2.816505
2.811913
2.807312
2.802702
2.798083
2.793455
2.788817
2.784171
2.779515
2.774850
2.770176
2.765492
2.760800
2.756098
2.751386
2.746666
2.741936
2.737197
2.732449
2.727691
2.722924
2.718148
2.713362
2.708568
2.703764
2.698950
2.694128
2.689296
2.684455
2.679604
2.674745
2.669876
2.664998
2.660111
2.655215
2.650310
2.645395
2.640472
2.635539
2.630597
2.625647
2.620687
2.615718
2.610741
2.605754
2.600759
2.595755
2.590741
2.585720
2.580689
2.575650
2.570602
2.565545
2.560480
2.555406
2.550324
2.545233
2.540134
2.535027
2.529911
2.524787
2.519654
2.514513
2.509365
2.504208
2.499043
2.493870
2.488689
2.483500
2.478303
2.473099
2.467886
2.462666
2.457439
2.452204
2.446961
2.441711
2.436453
2.431189
2.425916
2.420637
2.415351
2.410057
2.404756
2.399449
2.394134
2.388813
2.383485
2.378150
2.372809
2.367461
2.362107
2.356746
2.351379
2.346005
2.340626
2.335240
2.329848
2.324451
2.319047
2.313637
2.308222
2.302801
2.297375
2.291943
2.286505
2.281063
2.275615
2.270162
2.264703
2.259240
2.253772
2.248298
2.242821
2.237338
2.231851
2.226359
2.220863
2.215363
2.209858
2.204349
2.198836
2.193319
2.187798
2.182273
2.176745
2.171213
2.165678
2.160139
2.154596
2.149051
2.143502
2.137950
2.132396
2.126838
2.121278
2.115715
2.110149
2.104581
2.099011
2.093438
2.087863
2.082286
2.076707
2.071126
2.065544
2.059959
2.054374
2.048786
2.043197
2.037608
2.032016
2.026424
2.020831
2.015237
2.009643
2.004047
1.998451
1.992855
1.987259
1.981662
1.976065
1.970468
1.964872
1.959275
1.953679
1.948084
1.942489
1.936894
1.931301
1.925708
1.920117
1.914526
1.908937
1.903349
1.897763
1.892178
1.886595
1.881014
1.875434
1.869857
1.864282
1.858709
1.853139
1.847571
1.842006
1.836444
1.830884
1.825328
1.819774
1.814224
1.808677
1.803134
1.797594
1.792058
1.786526
1.780998
1.775473
1.769953
1.764438
1.758927
1.753420
1.747918
1.742421
1.736929
1.731442
1.725960
1.720483
1.715012
1.709546
1.704086
1.698632
1.693184
1.687742
1.682306
1.676876
1.671453
1.666036
1.660626
1.655223
1.649827
1.644437
1.639055
1.633680
1.628313
1.622953
1.617601
1.612257
1.606921
1.601592
1.596272
1.590961
1.585657
1.580362
1.575076
1.569799
1.564531
1.559272
1.554022
1.548781
1.543550
1.538328
1.533116
1.527914
1.522722
1.517540
1.512368
1.507207
1.502056
1.496915
1.491786
1.486667
1.481559
1.476462
1.471377
1.466302
1.461240
1.456188
1.451149
1.446121
1.441106
1.436102
1.431111
1.426132
1.421165
1.416211
1.411270
1.406341
1.401426
1.396524
1.391634
1.386758
1.381896
1.377047
1.372212
1.367390
1.362582
1.357789
1.353009
1.348244
1.343493
1.338757
1.334035
1.329328
1.324636
1.319959
1.315297
1.310650
1.306018
1.301402
1.296801
1.292216
1.287647
1.283093
1.278555
1.274034
1.269528
1.265039
1.260566
1.256110
1.251671
1.247248
1.242841
1.238452
1.234080
1.229725
1.225387
1.221066
1.216763
1.212477
1.208209
1.203958
1.199725
1.195510
1.191313
1.187135
1.182974
1.178831
1.174707
1.170602
1.166514
1.162446
1.158396
1.154364
1.150352
1.146359
1.142384
1.138429
1.134492
1.130575
1.126678
1.122799
1.118941
1.115101
1.111281
1.107481
1.103701
1.099940
1.096200
1.092479
1.088778
1.085097
1.081437
1.077796
1.074176
1.070576
1.066997
1.063438
1.059899
1.056381
1.052883
1.049406
1.045949
1.042514
1.039099
1.035704
1.032331
1.028978
1.025646
1.022336
1.019046
1.015777
1.012529
1.009302
1.006097
1.002912
0.999748
0.996606
0.993485
0.990385
0.987306
0.984248
0.981212
0.978197
0.975203
0.972231
0.969279
0.966349
0.963441
0.960553
0.957687
0.954842
0.952019
0.949217
0.946436
0.943676
0.940937
0.938220
0.935524
0.932850
0.930196
0.927564
0.924953
0.922363
0.919794
0.917246
0.914720
0.912214
0.909730
0.907266
0.904824
0.902402
0.900001
0.897621
0.895262
0.892924
0.890606
0.888310
0.886033
0.883778
0.881542
0.879328
0.877134
0.874960
0.872806
0.870673
0.868560
0.866467
0.864395
0.862342
0.860309
0.858297
0.856304
0.854330
0.852377
0.850443
0.848528
0.846634
0.844758
0.842902
0.841065
0.839247
0.837448
0.835669
0.833908
0.832166
0.830442
0.828738
0.827052
0.825384
0.823735
0.822104
0.820491
0.818896
0.817320
0.815761
0.814220
0.812696
0.811191
0.809702
0.808232
0.806778
0.805342
0.803922
0.802520
0.801135
0.799766
0.798414
0.797079
0.795760
0.794457
0.793170
0.791900
0.790645
0.789407
0.788184
0.786977
0.785785
0.784609
0.783448
0.782302
0.781172
0.780056
0.778955
0.777869
0.776797
0.775740
0.774697
0.773668
0.772654
0.771653
0.770667
0.769694
0.768734
0.767789
0.766856
0.765937
0.765031
0.764138
0.763258
0.762390
0.761536
0.760694
0.759864
0.759046
0.758241
0.757448
0.756666
0.755897
0.755139
0.754392
0.753657
0.752933
0.752221
0.751519
0.750829
0.750149
0.749480
0.748821
0.748173
0.747535
0.746908
0.746290
0.745682
0.745084
0.744496
0.743917
0.743348
0.742788
0.742237
0.741695
0.741162
0.740638
0.740123
0.739616
0.739117
0.738626
0.738144
0.737669
0.737202
0.736743
0.736291
0.735847
0.735410
0.734979
0.734556
0.734139
0.733728
0.733324
0.732925
0.732533
0.732146
0.731765
0.731389
0.731017
0.730651
0.730289
0.729931
0.729576
0.729226
0.728878
0.728533
0.728191
0.727851
0.727513
0.727175
0.726839
0.726502
0.726166
0.725828
0.725489
0.725148
0.724804
0.724456
0.724104
0.723747
0.723383
0.723012
0.722632
0.722243
0.721843
0.721431
0.721005
0.720564
0.720106
0.719630
0.719132
0.718612
0.718066
0.717493
0.716890
0.716253
0.715581
0.714868
0.714113
0.713311
0.712457
0.711548
0.710579
0.709544
0.708438
0.707255
0.705988
0.704632
0.703178
0.701618
0.699945
0.698149
0.696221
0.694150
0.691926
0.689537
0.686971
0.684215
0.681255
0.678077
0.674665
0.671004
0.667077
0.662866
0.658353
0.653519
0.648346
0.642812
0.636899
0.630584
0.623847
0.616668
0.609026
0.600901
0.592273
0.583124
0.573436
0.563195
0.552386
0.540999
0.529024
0.516458
0.503297
0.489545
0.475207
0.460296
0.444828
0.428825
0.412314
0.395327
0.377904
0.360087
0.341927
0.323478
0.304798
0.285950
0.267002
0.248022
0.229082
0.210256
0.191616
0.173236
0.155187
0.137542
0.120367
0.103728
0.087686
0.072299
0.057620
0.043699
0.030580
0.018303
0.006903
-0.003587
-0.013141
-0.021736
-0.029351
-0.035969
-0.041578
-0.046166
-0.049724
-0.052246
-0.053727
-0.054165
-0.053559
-0.051909
-0.049219
-0.045492
-0.040736
-0.034960
-0.028173
-0.020390
-0.011628
-0.001906
0.008752
0.020319
0.032763
0.046049
0.060137
0.074982
0.090535
0.106742
0.123547
0.140887
0.158698
0.176910
0.195455
0.214259
0.233248
0.252351
0.271493
0.290603
0.309612
0.328453
0.347063
0.365383
0.383359
0.400942
0.418086
0.434755
0.450916
0.466540
0.481607
0.496099
0.510006
0.523320
0.536040
0.548167
0.559706
0.570665
0.581056
0.590893
0.600191
0.608966
0.617238
0.625026
0.632350
0.639231
0.645688
0.651744
0.657419
0.662733
0.667706
0.672357
0.676705
0.680768
0.684564
0.688110
0.691421
0.694513
0.697400
0.700095
0.702613
0.704964
0.707161
0.709214
0.711133
0.712929
0.714610
0.716184
0.717659
0.719042
0.720341
0.721562
0.722710
0.723791
0.724810
0.725773
0.726683
0.727544
0.728361
0.729137
0.729875
0.730579
0.731250
0.731893
0.732509
0.733100
0.733669
0.734218
0.734748
0.735261
0.735759
0.736243
0.736714
0.737174
0.737624
0.738065
0.738498
0.738924
0.739343
0.739757
0.740167
0.740572
0.740974
0.741373
0.741770
0.742165
0.742559
0.742952
0.743345
0.743738
0.744132
0.744526
0.744921
0.745318
0.745717
0.746118
0.746520
0.746926
0.747334
0.747746
0.748160
0.748578
0.749000
0.749425
0.749855
0.750289
0.750727
0.751169
0.751616
0.752068
0.752525
0.752987
0.753454
0.753927
0.754405
0.754888
0.755378
0.755873
0.756375
0.756882
0.757396
0.757916
0.758442
0.758976
0.759515
0.760062
0.760616
0.761176
0.761744
0.762319
0.762902
0.763492
0.764089
0.764694
0.765307
0.765928
0.766557
0.767194
0.767840
0.768493
0.769155
0.769826
0.770505
0.771193
0.771890
0.772596
0.773311
0.774036
0.774769
0.775512
0.776265
0.777027
0.777799
0.778581
0.779372
0.780174
0.780986
0.781808
0.782640
0.783483
0.784337
0.785201
0.786076
0.786962
0.787859
0.788767
0.789686
0.790617
0.791559
0.792512
0.793477
0.794454
0.795443
0.796443
0.797456
0.798481
0.799517
0.800567
0.801628
0.802702
0.803789
0.804889
0.806001
0.807126
0.808265
0.809416
0.810580
0.811758
0.812949
0.814154
0.815372
0.816604
0.817849
0.819109
0.820382
0.821669
0.822970
0.824286
0.825615
0.826959
0.828318
0.829691
0.831078
0.832480
0.833897
0.835328
0.836775
0.838236
0.839713
0.841204
0.842710
0.844232
0.845769
0.847322
0.848889
0.850472
0.852071
0.853685
0.855315
0.856961
0.858622
0.860300
0.861993
0.863702
0.865426
0.867167
0.868924
0.870697
0.872486
0.874292
0.876113
0.877951
0.879805
0.881676
0.883563
0.885466
0.887385
0.889321
0.891274
0.893243
0.895229
0.897231
0.899249
0.901285
0.903337
0.905405
0.907490
0.909592
0.911711
0.913846
0.915998
0.918166
0.920351
0.922553
0.924772
0.927007
0.929259
0.931528
0.933813
0.936115
0.938434
0.940770
0.943122
0.945490
0.947875
0.950277
0.952696
0.955131
0.957582
0.960050
0.962535
0.965036
0.967553
0.970087
0.972637
0.975204
0.977787
0.980386
0.983001
0.985632
0.988280
0.990944
0.993624
0.996320
0.999031
1.001759
1.004503
1.007262
1.010037
1.012828
1.015635
1.018457
1.021294
1.024147
1.027016
1.029900
1.032799
1.035714
1.038643
1.041588
1.044547
1.047522
1.050512
1.053516
1.056535
1.059569
1.062617
1.065680
1.068757
1.071848
1.074954
1.078074
1.081208
1.084356
1.087518
1.090694
1.093883
1.097086
1.100303
1.103533
1.106776
1.110033
1.113303
1.116586
1.119882
1.123191
1.126513
1.129847
1.133194
1.136554
1.139926
1.143310
1.146706
1.150114
1.153535
1.156967
1.160411
1.163866
1.167333
1.170812
1.174302
1.177803
1.181315
1.184838
1.188372
1.191917
1.195472
1.199038
1.202614
1.206200
1.209797
1.213404
1.217020
1.220647
1.224283
1.227928
1.231583
1.235248
1.238921
1.242604
1.246296
1.249996
1.253705
1.257423
1.261149
1.264883
1.268626
1.272377
1.276135
1.279902
1.283676
1.287458
1.291247
1.295044
1.298847
1.302658
1.306475
1.310300
1.314131
1.317969
1.321813
1.325663
1.329519
1.333382
1.337250
1.341124
1.345003
1.348888
1.352779
1.356674
1.360575
1.364481
1.368391
1.372306
1.376226
1.380150
1.384078
1.388011
1.391947
1.395887
1.399831
1.403779
1.407730
1.411685
1.415642
1.419603
1.423567
1.427533
1.431502
1.435474
1.439448
1.443424
1.447402
1.451383
1.455365
1.459349
1.463335
1.467322
1.471310
1.475299
1.479290
1.483281
1.487273
1.491266
1.495260
1.499253
1.503247
1.507241
1.511235
1.515229
1.519223
1.523216
1.527208
1.531200
1.535191
1.539181
1.543170
1.547158
1.551145
1.555129
1.559113
1.563094
1.567074
1.571051
1.575027
1.579000
1.582970
1.586938
1.590904
1.594866
1.598826
1.602783
1.606736
1.610686
1.614633
1.618575
1.622515
1.626450
1.630381
1.634309
1.638231
1.642150
1.646064
1.649973
1.653878
1.657778
1.661673
1.665562
1.669446
1.673325
1.677198
1.681066
1.684928
1.688784
1.692634
1.696477
1.700315
1.704146
1.707970
1.711788
1.715599
1.719403
1.723199
1.726989
1.730772
1.734547
1.738314
1.742074
1.745826
1.749570
1.753305
1.757033
1.760753
1.764464
1.768166
1.771860
1.775545
1.779221
1.782888
1.786546
1.790194
1.793833
1.797463
1.801083
1.804693
1.808293
1.811884
1.815464
1.819034
1.822593
1.826142
1.829681
1.833208
1.836725
1.840231
1.843726
1.847209
1.850681
1.854142
1.857591
1.861029
1.864454
1.867868
1.871270
1.874659
1.878036
1.881401
1.884754
1.888093
1.891420
1.894734
1.898035
1.901323
1.904598
1.907859
1.911107
1.914342
1.917563
1.920769
1.923962
1.927141
1.930306
1.933457
1.936593
1.939715
1.942822
1.945914
1.948992
1.952054
1.955102
1.958134
1.961151
1.964153
1.967139
1.970109
1.973064
1.976002
1.978925
1.981832
1.984722
1.987596
1.990454
1.993295
1.996119
1.998927
2.001718
2.004492
2.007248
2.009987
2.012709
2.015414
2.018101
2.020770
2.023421
2.026054
2.028670
2.031267
2.033846
2.036406
2.038948
2.041472
2.043976
2.046462
2.048929
2.051376
2.053805
2.056214
2.058603
2.060973
2.063324
2.065654
2.067965
2.070256
2.072526
2.074776
2.077006
2.079216
2.081404
2.083572
2.085719
2.087846
2.089951
2.092034
2.094097
2.096138
2.098157
2.100155
2.102131
2.104084
2.106016
2.107926
2.109813
2.111678
2.113520
2.115339
2.117136
2.118910
2.120660
2.122388
2.124092
2.125772
2.127429
2.129062
2.130671
2.132256
2.133817
2.135354
2.136867
2.138354
2.139817
2.141256
2.142669
2.144057
2.145420
2.146757
2.148069
2.149355
2.150616
2.151850
2.153058
2.154240
2.155396
2.156524
2.157627
2.158702
2.159750
2.160771
2.161764
2.162730
2.163668
2.164578
2.165461
2.166315
2.167140
2.167937
2.168705
2.169445
2.170155
2.170836
2.171487
2.172109
2.172701
2.173263
2.173794
2.174295
2.174766
2.175206
2.175614
2.175992
2.176338
2.176652
2.176934
2.177185
2.177403
2.177588
2.177741
2.177860
2.177947
2.178000
2.178019
2.178004
2.177955
2.177872
2.177753
2.177600
2.177412
2.177188
2.176928
2.176633
2.176300
2.175932
2.175526
2.175083
2.174603
2.174085
2.173529
2.172934
2.172301
2.171628
2.170917
2.170165
2.169374
2.168542
2.167669
2.166755
2.165800
2.164803
2.163764
2.162682
2.161557
2.160389
2.159178
2.157922
2.156622
2.155276
2.153886
2.152449
2.150967
2.149437
2.147861
2.146237
2.144565
2.142845
2.141076
2.139257
2.137389
2.135470
2.133500
2.131479
2.129405
2.127280
2.125101
2.122869
2.120583
2.118242
2.115846
2.113395
2.110887
2.108322
2.105699
2.103019
2.100280
2.097481
2.094622
2.091703
2.088723
2.085681
2.082576
2.079408
2.076176
2.072879
2.069517
2.066089
2.062595
2.059033
2.055402
2.051703
2.047934
2.044095
2.040185
2.036202
2.032147
2.028018
2.023815
2.019537
2.015183
2.010751
2.006243
2.001655
1.996988
1.992241
1.987413
1.982503
1.977510
1.972432
1.967270
1.962023
1.956688
1.951266
1.945756
1.940155
1.934464
1.928682
1.922806
1.916838
1.910774
1.904615
1.898358
1.892004
1.885551
1.878997
1.872342
1.865585
1.858724
1.851759
1.844687
1.837508
1.830220
1.822823
1.815315
1.807694
1.799959
1.792110
1.784144
1.776060
1.767857
1.759533
1.751087
1.742517
1.733822
1.725000
1.716049
1.706968
1.697755
1.688408
1.678926
1.669306
1.659547
1.649647
1.639604
1.629415
1.619079
1.608594
1.597957
1.587167
1.576220
1.565114
1.553847
1.542416
1.530820
1.519054
1.507116
1.495004
1.482715
1.470244
1.457591
1.444750
1.431720
1.418496
1.405075
1.391454
1.377628
1.363595
1.349351
1.334891
1.320211
1.305308
1.290177
1.274814
1.259214
1.243373
1.227287
1.210951
1.194360
1.177510
1.160395
1.143011
1.125353
1.107416
1.089195
1.070685
1.051881
1.032779
1.013372
0.993657
0.973628
0.953282
0.932612
0.911616
0.890288
0.868624
0.846621
0.824276
0.801583
0.778542
0.755148
0.731399
0.707295
0.682833
0.658012
0.632833
0.607295
0.581400
0.555149
0.528545
0.501591
0.474291
0.446650
0.418674
0.390371
0.361749
0.332817
0.303585
0.274065
0.244272
0.214218
0.183921
0.153398
0.122667
0.091749
0.060667
0.029445
-0.001893
-0.033318
-0.064803
-0.096316
-0.127824
-0.159294
-0.190691
-0.221975
-0.253109
-0.284051
-0.314760
-0.345191
-0.375301
-0.405042
-0.434368
-0.463232
-0.491584
-0.519376
-0.546559
-0.573086
-0.598906
-0.623975
-0.648244
-0.671672
-0.694214
-0.715833
-0.736492
-0.756157
-0.774800
-0.792397
-0.808928
-0.824380
-0.838743
-0.852016
-0.864201
-0.875310
-0.885359
-0.894370
-0.902373
-0.909402
-0.915499
-0.920707
-0.925078
-0.928664
-0.931522
-0.933711
-0.935292
-0.936323
-0.936868
-0.936984
-0.936729
-0.936160
-0.935330
-0.934287
-0.933078
-0.931745
-0.930327
-0.928858
-0.927368
-0.925884
-0.924430
-0.923025
-0.921686
-0.920428
-0.919260
-0.918193
-0.917234
-0.916387
-0.915657
-0.915046
-0.914553
-0.914180
-0.913922
-0.913778
-0.913741
-0.913804
-0.913958
-0.914192
-0.914492
-0.914841
-0.915219
-0.915603
-0.915966
-0.916278
-0.916504
-0.916605
-0.916540
-0.916262
-0.915722
-0.914866
-0.913640
-0.911985
-0.909841
-0.907149
-0.903846
-0.899874
-0.895173
-0.889687
-0.883362
-0.876148
-0.868000
-0.858878
-0.848746
-0.837576
-0.825345
-0.812036
-0.797638
-0.782149
-0.765571
-0.747911
-0.729185
-0.709410
-0.688613
-0.666821
-0.644067
-0.620388
-0.595823
-0.570414
-0.544205
-0.517242
-0.489572
-0.461243
-0.432304
-0.402803
-0.372789
-0.342311
-0.311416
-0.280151
-0.248562
-0.216694
-0.184590
-0.152293
-0.119843
-0.087280
-0.054641
-0.021961
0.010725
0.043385
0.075988
0.108505
0.140909
0.173175
0.205279
0.237198
0.268913
0.300403
0.331652
0.362644
0.393363
0.423798
0.453936
0.483766
0.513280
0.542468
0.571325
0.599843
0.628018
0.655846
0.683324
0.710448
0.737218
0.763632
0.789690
0.815393
0.840741
0.865736
0.890379
0.914673
0.938621
0.962226
0.985490
1.008419
1.031015
1.053283
1.075226
1.096851
1.118160
1.139160
1.159854
1.180248
1.200346
1.220154
1.239677
1.258919
1.277885
1.296581
1.315011
1.333181
1.351094
1.368757
1.386173
1.403348
1.420285
1.436990
1.453466
1.469719
1.485751
1.501568
1.517174
1.532572
1.547766
1.562760
1.577557
1.592162
1.606578
1.620808
1.634855
1.648723
1.662414
1.675932
1.689280
1.702461
1.715476
1.728330
1.741025
1.753563
1.765947
1.778179
1.790261
1.802196
1.813987
1.825635
1.837142
1.848511
1.859743
1.870840
1.881805
1.892640
1.903345
1.913923
1.924376
1.934705
1.944912
1.954998
1.964966
1.974816
1.984551
1.994171
2.003679
2.013075
2.022361
2.031539
2.040609
2.049574
2.058434
2.067190
2.075845
2.084399
2.092853
2.101209
2.109469
2.117632
2.125700
2.133675
2.141557
2.149348
2.157048
2.164660
2.172183
2.179619
2.186970
2.194235
2.201416
2.208515
2.215531
2.222466
2.229322
2.236098
2.242797
2.249418
2.255963
2.262433
2.268828
2.275150
2.281399
2.287576
2.293683
2.299720
2.305687
2.311587
2.317418
2.323183
2.328883
2.334517
2.340087
2.345593
2.351037
2.356419
2.361740
2.367000
2.372200
2.377342
2.382425
2.387451
2.392420
2.397332
2.402190
2.406992
2.411740
2.416435
2.421077
2.425667
2.430205
2.434692
2.439129
2.443516
2.447854
2.452144
2.456385
2.460579
2.464727
2.468828
2.472883
2.476893
2.480858
2.484780
2.488657
2.492492
2.496284
2.500034
2.503742
2.507410
2.511036
2.514622
2.518169
2.521676
2.525145
2.528575
2.531967
2.535322
2.538639
2.541920
2.545165
2.548373
2.551546
2.554684
2.557788
2.560857
2.563892
2.566893
2.569861
2.572796
2.575699
2.578569
2.581408
2.584215
2.586990
2.589735
2.592449
2.595133
2.597787
2.600411
2.603006
2.605572
2.608109
2.610618
2.613098
2.615551
2.617975
2.620373
2.622743
2.625086
2.627402
2.629693
2.631957
2.634195
2.636407
2.638594
2.640756
2.642893
2.645005
2.647093
2.649156
2.651196
2.653211
2.655203
2.657171
2.659116
2.661038
2.662937
2.664814
2.666668
2.668499
2.670309
2.672097
2.673863
2.675607
2.677330
2.679032
2.680713
2.682373
2.684013
2.685631
2.687230
2.688808
2.690367
2.691905
2.693424
2.694923
2.696403
2.697863
2.699304
2.700727
2.702130
2.703515
2.704882
2.706230
2.707559
2.708871
2.710165
2.711440
2.712699
2.713939
2.715162
2.716368
2.717556
2.718728
2.719882
2.721020
2.722141
2.723245
2.724333
2.725404
2.726460
2.727499
2.728522
2.729529
2.730521
2.731497
2.732457
2.733402
2.734331
2.735245
2.736145
2.737029
2.737898
2.738752
2.739592
2.740417
2.741228
2.742024
2.742806
2.743574
2.744327
2.745067
2.745793
2.746504
2.747203
2.747887
2.748558
2.749216
2.749860
2.750491
2.751109
2.751714
2.752305
2.752884
2.753450
2.754004
2.754544
2.755073
2.755588
2.756092
2.756583
2.757062
2.757528
2.757983
2.758426
2.758857
2.759276
2.759683
2.760079
2.760463
2.760836
2.761197
2.761547
2.761886
2.762213
2.762530
2.762835
2.763130
2.763413
2.763686
2.763949
2.764200
2.764441
2.764671
2.764892
2.765101
2.765301
2.765490
2.765669
2.765838
2.765997
2.766146
2.766285
2.766415
2.766534
2.766644
2.766745
2.766836
2.766917
2.766989
2.767052
2.767105
2.767149
2.767185
2.767211
2.767228
2.767236
2.767235
2.767225
2.767207
2.767180
2.767144
2.767099
2.767047
2.766985
2.766915
2.766837
2.766751
2.766656
2.766554
2.766443
2.766324
2.766197
2.766062
2.765919
2.765768
2.765610
2.765444
2.765270
2.765089
2.764900
2.764703
2.764499
2.764288
2.764069
2.763843
2.763610
2.763369
2.763122
2.762867
2.762605
2.762336
2.762060
2.761778
2.761488
2.761192
2.760889
2.760579
2.760263
2.759940
2.759610
2.759274
2.758932
2.758583
2.758227
2.757865
2.757497
2.757123
2.756743
2.756356
2.755963
2.755564
2.755159
2.754749
2.754332
2.753909
2.753481
2.753046
2.752606
2.752160
2.751708
2.751251
2.750788
2.750320
2.749846
2.749366
2.748881
2.748391
2.747895
2.747394
2.746888
2.746376
2.745859
2.745337
2.744810
2.744278
2.743740
2.743198
2.742650
2.742098
2.741540
2.740978
2.740411
2.739839
2.739262
2.738680
2.738094
2.737503
2.736907
2.736306
2.735701
2.735092
2.734478
2.733859
2.733236
2.732609
2.731977
2.731340
2.730700
2.730055
2.729405
2.728752
2.728094
2.727432
2.726766
2.726095
2.725421
2.724743
2.724060
2.723373
2.722683
2.721988
2.721290
2.720587
2.719881
2.719171
2.718457
2.717739
2.717017
2.716292
2.715563
2.714830
2.714094
2.713353
2.712610
2.711862
2.711111
2.710357
2.709599
2.708837
2.708072
2.707304
2.706532
2.705756
2.704978
2.704196
2.703410
2.702621
2.701829
2.701034
2.700236
2.699434
2.698629
2.697821
2.697009
2.696195
2.695377
2.694556
2.693733
2.692906
2.692076
2.691243
2.690407
2.689568
2.688727
2.687882
2.687034
2.686184
2.685330
2.684474
2.683615
2.682753
2.681888
2.681021
2.680150
2.679277
2.678402
2.677523
2.676642
2.675758
2.674872
2.673983
2.673091
2.672196
2.671300
2.670400
2.669498
2.668593
2.667686
2.666777
2.665865
2.664950
2.664033
2.663114
2.662192
2.661268
2.660341
2.659412
2.658481
2.657547
2.656611
2.655673
2.654732
2.653789
2.652844
2.651897
2.650947
2.649995
2.649041
2.648085
2.647126
2.646166
2.645203
2.644238
2.643271
2.642302
2.641330
2.640357
2.639382
2.638404
2.637425
2.636443
2.635460
2.634474
2.633487
2.632497
2.631506
2.630512
2.629517
2.628519
2.627520
2.626519
2.625516
2.624511
2.623504
2.622496
2.621485
2.620473
2.619459
2.618443
2.617425
2.616406
2.615384
2.614361
2.613336
2.612310
2.611281
2.610251
2.609220
2.608186
2.607151
2.606114
2.605076
2.604036
2.602994
2.601950
2.600905
2.599859
2.598810
2.597761
2.596709
2.595656
2.594601
2.593545
2.592487
2.591428
2.590367
2.589305
2.588241
2.587176
2.586109
2.585041
2.583971
2.582900
2.581827
2.580753
2.579677
2.578600
2.577522
2.576442
2.575361
2.574278
2.573194
2.572109
2.571022
2.569934
2.568844
2.567753
2.566661
2.565567
2.564473
2.563376
2.562279
2.561180
2.560080
2.558979
2.557876
2.556772
2.555667
2.554561
2.553453
2.552344
2.551234
2.550123
2.549011
2.547897
2.546782
2.545666
2.544548
2.543430
2.542310
2.541190
2.540068
2.538944
2.537820
2.536695
2.535568
2.534441
2.533312
2.532182
2.531051
2.529919
2.528786
2.527652
2.526517
2.525380
2.524243
2.523104
2.521965
2.520824
2.519683
2.518540
2.517396
2.516252
2.515106
2.513959
2.512812
2.511663
2.510513
2.509363
2.508211
2.507059
2.505905
2.504751
2.503595
2.502439
2.501282
2.500123
2.498964
2.497804
2.496643
2.495481
2.494318
2.493155
2.491990
2.490825
2.489658
2.488491
2.487323
2.486154
2.484984
2.483813
2.482642
2.481469
2.480296
2.479122
2.477947
2.476771
2.475595
2.474417
2.473239
2.472060
2.470881
2.469700
2.468519
2.467337
2.466154
2.464970
2.463786
2.462600
2.461414
2.460228
2.459040
2.457852
2.456663
2.455474
2.454283
2.453092
2.451900
2.450708
2.449514
2.448320
2.447126
2.445930
2.444734
2.443538
2.442340
2.441142
2.439943
2.438744
2.437544
2.436343
2.435142
2.433939
2.432737
2.431533
2.430329
2.429125
2.427919
2.426714
2.425507
2.424300
2.423092
2.421884
2.420675
2.419465
2.418255
2.417045
2.415833
2.414621
2.413409
2.412196
2.410982
2.409768
2.408553
2.407338
2.406122
2.404906
2.403689
2.402471
2.401253
2.400034
2.398815
2.397596
2.396375
2.395155
2.393934
2.392712
2.391490
2.390267
2.389044
2.387820
2.386596
2.385371
2.384146
2.382920
2.381694
2.380467
2.379240
2.378013
2.376784
2.375556
2.374327
2.373098
2.371868
2.370637
2.369407
2.368175
2.366944
2.365712
2.364479
2.363246
2.362013
2.360779
2.359545
2.358311
2.357076
2.355840
2.354604
2.353368
2.352132
2.350895
2.349657
2.348420
2.347181
2.345943
2.344704
2.343465
2.342225
2.340985
2.339745
2.338504
2.337263
2.336022
2.334780
2.333538
2.332295
2.331053
2.329809
2.328566
2.327322
2.326078
2.324834
2.323589
2.322344
2.321098
2.319853
2.318607
2.317360
2.316114
2.314867
2.313620
2.312372
2.311124
2.309876
2.308628
2.307379
2.306130
2.304881
2.303632
2.302382
2.301132
2.299882
2.298631
2.297381
2.296129
2.294878
2.293627
2.292375
2.291123
2.289871
2.288618
2.287365
2.286112
2.284859
2.283606
2.282352
2.281098
2.279844
2.278590
2.277335
2.276081
2.274826
2.273571
2.272315
2.271060
2.269804
2.268548
2.267292
2.266036
2.264779
2.263522
2.262266
2.261008
2.259751
2.258494
2.257236
2.255979
2.254721
2.253463
2.252204
2.250946
2.249688
2.248429
2.247170
2.245911
2.244652
2.243393
2.242133
2.240874
2.239614
2.238354
2.237095
2.235834
2.234574
2.233314
2.232054
2.230793
2.229532
2.228272
2.227011
2.225750
2.224489
2.223228
2.221966
2.220705
2.219443
2.218182
2.216920
2.215658
2.214397
2.213135
2.211873
2.210611
2.209348
2.208086
2.206824
2.205561
2.204299
2.203037
2.201774
2.200511
2.199249
2.197986
2.196723
2.195460
2.194197
2.192934
2.191671
2.190408
2.189145
2.187882
2.186619
2.185356
2.184093
2.182829
2.181566
2.180303
2.179039
2.177776
2.176513
2.175249
2.173986
2.172722
2.171459
2.170196
2.168932
2.167669
2.166405
2.165142
2.163878
2.162615
2.161351
2.160088
2.158825
2.157561
2.156298
2.155034
2.153771
2.152508
2.151244
2.149981
2.148718
2.147454
2.146191
2.144928
2.143665
2.142402
2.141139
2.139876
2.138613
2.137350
2.136087
2.134824
2.133561
2.132298
2.131035
2.129773
2.128510
2.127248
2.125985
2.124723
2.123460
2.122198
2.120936
2.119674
2.118412
2.117149
2.115888
2.114626
2.113364
2.112102
2.110841
2.109579
2.108317
2.107056
2.105795
2.104534
2.103272
2.102011
2.100751
2.099490
2.098229
2.096968
2.095708
2.094447
2.093187
2.091927
2.090667
2.089407
2.088147
2.086887
2.085628
2.084368
2.083109
2.081849
2.080590
2.079331
2.078072
2.076813
2.075555
2.074296
2.073038
2.071780
2.070521
2.069263
2.068006
2.066748
2.065490
2.064233
2.062976
2.061719
2.060462
2.059205
2.057948
2.056691
2.055435
2.054179
2.052923
2.051667
2.050411
2.049156
2.047900
2.046645
2.045390
2.044135
2.042880
2.041625
2.040371
2.039117
2.037863
2.036609
2.035355
2.034102
2.032848
2.031595
2.030342
2.029089
2.027837
2.026584
2.025332
2.024080
2.022828
2.021576
2.020325
2.019074
2.017823
2.016572
2.015321
2.014070
2.012820
2.011570
2.010320
2.009071
2.007821
2.006572
2.005323
2.004074
2.002825
2.001577
2.000329
1.999081
1.997833
1.996586
1.995338
1.994091
1.992844
1.991598
1.990351
1.989105
1.987859
1.986613
1.985368
1.984122
1.982877
1.981633
1.980388
1.979144
1.977900
1.976656
1.975412
1.974169
1.972926
1.971683
1.970440
1.969198
1.967956
1.966714
1.965472
1.964231
1.962989
1.961748
1.960508
1.959267
1.958027
1.956787
1.955548
1.954308
1.953069
1.951830
1.950592
1.949354
1.948116
1.946878
1.945640
1.944403
1.943166
1.941929
1.940693
1.939457
1.938221
1.936985
1.935750
1.934515
1.933280
1.932045
1.930811
1.929577
1.928344
1.927110
1.925877
1.924644
1.923412
1.922179
1.920947
1.919716
1.918484
1.917253
1.916022
1.914792
1.913562
1.912332
1.911102
1.909873
1.908644
1.907415
1.906186
1.904958
1.903730
1.902503
1.901276
1.900049
1.898822
1.897596
1.896370
1.895144
1.893919
1.892693
1.891469
1.890244
1.889020
1.887796
1.886573
1.885349
1.884126
1.882904
1.881682
1.880460
1.879238
1.878017
1.876796
1.875575
1.874354
1.873134
1.871915
1.870695
1.869476
1.868257
1.867039
1.865821
1.864603
1.863386
1.862168
1.860952
1.859735
1.858519
1.857303
1.856088
1.854873
1.853658
1.852443
1.851229
1.850015
1.848802
1.847589
1.846376
1.845163
1.843951
1.842740
1.841528
1.840317
1.839106
1.837896
1.836686
1.835476
1.834267
1.833058
1.831849
1.830641
1.829433
1.828225
1.827018
1.825811
1.824604
1.823398
1.822192
1.820987
1.819782
1.818577
1.817372
1.816168
1.814964
1.813761
1.812558
1.811355
1.810153
1.808951
1.807749
1.806548
1.805347
1.804147
1.802947
1.801747
1.800547
1.799348
1.798150
1.796951
1.795753
1.794556
1.793358
1.792162
1.790965
1.789769
1.788573
1.787378
1.786183
1.784988
1.783794
1.782600
1.781406
1.780213
1.779020
1.777828
1.776636
1.775444
1.774253
1.773062
1.771871
1.770681
1.769491
1.768302
1.767113
1.765924
1.764736
1.763548
1.762360
1.761173
1.759987
1.758800
1.757614
1.756429
1.755243
1.754058
1.752874
1.751690
1.750506
1.749323
1.748140
1.746957
1.745775
1.744593
1.743412
1.742231
1.741051
1.739870
1.738690
1.737511
1.736332
1.735153
1.733975
1.732797
1.731620
1.730443
1.729266
1.728090
1.726914
1.725738
1.724563
1.723388
1.722214
1.721040
1.719867
1.718693
1.717521
1.716348
1.715176
1.714005
1.712834
1.711663
1.710493
1.709323
1.708153
1.706984
1.705815
1.704647
1.703479
1.702311
1.701144
1.699977
1.698811
1.697645
1.696480
1.695314
1.694150
1.692985
1.691821
1.690658
1.689495
1.688332
1.687170
1.686008
1.684846
1.683685
1.682525
1.681364
1.680204
1.679045
1.677886
1.676727
1.675569
1.674411
1.673254
1.672097
1.670940
1.669784
1.668628
1.667473
1.666318
1.665163
1.664009
1.662856
1.661702
1.660549
1.659397
1.658245
1.657093
1.655942
1.654791
1.653641
1.652491
1.651341
1.650192
1.649043
1.647895
1.646747
1.645600
1.644452
1.643306
1.642160
1.641014
1.639868
1.638723
1.637579
1.636435
1.635291
1.634147
1.633005
1.631862
1.630720
1.629578
1.628437
1.627296
1.626156
1.625016
1.623876
1.622737
1.621599
1.620460
1.619322
1.618185
1.617048
1.615911
1.614775
1.613639
1.612504
1.611369
1.610235
1.609101
1.607967
1.606834
1.605701
1.604569
1.603437
1.602305
1.601174
1.600044
1.598913
1.597783
1.596654
1.595525
1.594397
1.593268
1.592141
1.591014
1.589887
1.588760
1.587634
1.586509
1.585384
1.584259
1.583135
1.582011
1.580887
1.579764
1.578642
1.577520
1.576398
1.575277
1.574156
1.573035
1.571915
1.570796
1.569677
1.568558
1.567440
1.566322
1.565205
1.564088
1.562971
1.561855
1.560739
1.559624
1.558509
1.557395
1.556281
1.555167
1.554054
1.552942
1.551829
1.550718
1.549606
1.548495
1.547385
1.546275
1.545165
1.544056
1.542947
1.541839
1.540731
1.539623
1.538516
1.537410
1.536303
1.535198
1.534092
1.532987
1.531883
1.530779
1.529675
1.528572
1.527470
1.526367
1.525266
1.524164
1.523063
1.521963
1.520863
1.519763
1.518664
1.517565
1.516467
1.515369
1.514271
1.513174
1.512077
1.510981
1.509886
1.508790
1.507695
1.506601
1.505507
1.504413
1.503320
1.502228
1.501135
1.500044
1.498952
1.497861
1.496771
1.495681
1.494591
1.493502
1.492413
1.491325
1.490237
1.489150
1.488063
1.486976
1.485890
1.484804
1.483719
1.482634
1.481550
1.480466
1.479382
1.478299
1.477217
1.476135
1.475053
1.473972
1.472891
1.471810
1.470730
1.469651
1.468572
1.467493
1.466415
1.465337
1.464260
1.463183
1.462106
1.461030
1.459955
1.458880
1.457805
1.456731
1.455657
1.454584
1.453511
1.452438
1.451366
1.450295
1.449223
1.448153
1.447082
1.446013
1.444943
1.443874
1.442806
1.441738
1.440670
1.439603
1.438536
1.437470
1.436404
1.435338
1.434273
1.433209
1.432145
1.431081
1.430018
1.428955
1.427893
1.426831
1.425769
1.424708
1.423648
1.422588
1.421528
1.420469
1.419410
1.418352
1.417294
1.416236
1.415179
1.414123
1.413067
1.412011
1.410956
1.409901
1.408846
1.407793
1.406739
1.405686
1.404633
1.403581
1.402530
1.401478
1.400427
1.399377
1.398327
1.397278
1.396229
1.395180
1.394132
1.393084
1.392037
1.390990
1.389944
1.388898
1.387852
1.386807
1.385763
1.384719
1.383675
1.382632
1.381589
1.380546
1.379504
1.378463
1.377422
1.376381
1.375341
1.374301
1.373262
1.372223
1.371185
1.370147
1.369110
1.368073
1.367036
1.366000
1.364964
1.363929
1.362894
1.361860
1.360826
1.359792
1.358759
1.357727
1.356695
1.355663
1.354632
1.353601
1.352570
1.351541
1.350511
1.349482
1.348453
1.347425
1.346398
1.345370
1.344344
1.343317
1.342291
1.341266
1.340241
1.339216
1.338192
1.337169
1.336145
1.335123
1.334100
1.333079
1.332057
1.331036
1.330016
1.328996
1.327976
1.326957
1.325938
1.324920
1.323902
1.322884
1.321867
1.320851
1.319835
1.318819
1.317804
1.316789
1.315775
1.314761
1.313748
1.312735
1.311723
1.310711
1.309699
1.308688
1.307677
1.306667
1.305657
1.304648
1.303639
1.302630
1.301622
1.300615
1.299608
1.298601
1.297595
1.296589
1.295584
1.294579
1.293575
1.292571
1.291567
1.290564
1.289561
1.288559
1.287558
1.286556
1.285556
1.284555
1.283555
1.282556
1.281557
1.280558
1.279560
1.278562
1.277565
1.276568
1.275572
1.274576
1.273581
1.272586
1.271591
1.270597
1.269604
1.268610
1.267618
1.266625
1.265634
1.264642
1.263651
1.262661
1.261671
1.260681
1.259692
1.258703
1.257715
1.256727
1.255740
1.254753
1.253767
1.252781
1.251795
1.250810
1.249826
1.248841
1.247858
1.246874
1.245892
1.244909
1.243927
1.242946
1.241965
1.240984
1.240004
1.239025
1.238045
1.237067
1.236088
1.235110
1.234133
1.233156
1.232180
1.231203
1.230228
1.229253
1.228278
1.227304
1.226330
1.225357
1.224384
1.223411
1.222439
1.221468
1.220497
1.219526
1.218556
1.217586
1.216617
1.215648
1.214680
1.213712
1.212745
1.211778
1.210811
1.209845
1.208879
1.207914
1.206949
1.205985
1.205021
1.204058
1.203095
1.202132
1.201170
1.200209
1.199248
1.198287
1.197327
1.196367
1.195408
1.194449
1.193491
1.192533
1.191575
1.190618
1.189662
1.188705
1.187750
1.186795
1.185840
1.184886
1.183932
1.182978
1.182025
1.181073
1.180121
1.179169
1.178218
1.177267
1.176317
1.175367
1.174418
1.173469
1.172521
1.171573
1.170626
1.169679
1.168732
1.167786
1.166840
1.165895
1.164950
1.164006
1.163062
1.162119
1.161176
1.160233
1.159291
1.158350
1.157409
1.156468
1.155528
1.154588
1.153649
1.152710
1.151772
1.150834
1.149896
1.148959
1.148023
1.147087
1.146151
1.145216
1.144281
1.143347
1.142413
1.141480
1.140547
1.139614
1.138682
1.137751
1.136820
1.135889
1.134959
1.134029
1.133100
1.132171
1.131243
1.130315
1.129388
1.128461
1.127535
1.126609
1.125683
1.124758
1.123833
1.122909
1.121985
1.121062
1.120139
1.119217
1.118295
1.117374
1.116453
1.115532
1.114612
1.113692
1.112773
1.111855
1.110936
1.110019
1.109101
1.108184
1.107268
